ticker,time,open,high,low,close,volume
VHM,2024-10-01 02:15:00,42.9,43.1,42.9,43.1,128300
VHM,2024-10-01 02:16:00,43.1,43.3,43.1,43.25,77000
VHM,2024-10-01 02:17:00,43.25,43.3,43.25,43.25,23900
VHM,2024-10-01 02:18:00,43.25,43.4,43.25,43.35,80100
VHM,2024-10-01 02:19:00,43.35,43.45,43.35,43.4,42400
VHM,2024-10-01 02:20:00,43.4,43.4,43.3,43.35,28700
VHM,2024-10-01 02:21:00,43.35,43.35,43.3,43.3,69800
VHM,2024-10-01 02:22:00,43.3,43.3,43.2,43.2,39200
VHM,2024-10-01 02:23:00,43.2,43.25,43.2,43.25,56400
VHM,2024-10-01 02:24:00,43.25,43.3,43.2,43.25,38300
VHM,2024-10-01 02:25:00,43.25,43.25,43.25,43.25,13900
VHM,2024-10-01 02:26:00,43.25,43.25,43.1,43.15,120800
VHM,2024-10-01 02:27:00,43.15,43.2,43.05,43.05,103200
VHM,2024-10-01 02:28:00,43.05,43.2,43.05,43.2,31700
VHM,2024-10-01 02:29:00,43.2,43.25,43.2,43.25,40400
VHM,2024-10-01 02:30:00,43.25,43.4,43.25,43.4,139400
VHM,2024-10-01 02:31:00,43.4,43.55,43.4,43.55,220400
VHM,2024-10-01 02:32:00,43.55,43.7,43.55,43.7,155100
VHM,2024-10-01 02:33:00,43.7,43.8,43.65,43.8,102100
VHM,2024-10-01 02:34:00,43.8,43.95,43.7,43.85,293500
VHM,2024-10-01 02:35:00,43.85,43.85,43.75,43.75,47200
VHM,2024-10-01 02:36:00,43.75,43.75,43.7,43.7,28300
VHM,2024-10-01 02:37:00,43.7,43.75,43.7,43.7,9400
VHM,2024-10-01 02:38:00,43.7,43.7,43.7,43.7,58800
VHM,2024-10-01 02:39:00,43.7,43.75,43.55,43.55,75500
VHM,2024-10-01 02:40:00,43.55,43.65,43.55,43.65,47000
VHM,2024-10-01 02:41:00,43.65,43.7,43.65,43.7,44100
VHM,2024-10-01 02:42:00,43.7,43.7,43.7,43.7,6600
VHM,2024-10-01 02:43:00,43.7,43.75,43.7,43.7,21300
VHM,2024-10-01 02:44:00,43.7,43.7,43.7,43.7,19000
VHM,2024-10-01 02:45:00,43.7,43.7,43.7,43.7,5100
VHM,2024-10-01 02:46:00,43.7,43.7,43.65,43.65,3700
VHM,2024-10-01 02:47:00,43.65,43.7,43.65,43.65,7200
VHM,2024-10-01 02:48:00,43.65,43.65,43.65,43.65,18300
VHM,2024-10-01 02:49:00,43.65,43.65,43.65,43.65,56400
VHM,2024-10-01 02:50:00,43.65,43.65,43.55,43.6,54600
VHM,2024-10-01 02:51:00,43.6,43.6,43.55,43.6,75500
VHM,2024-10-01 02:52:00,43.6,43.65,43.6,43.6,11400
VHM,2024-10-01 02:53:00,43.6,43.65,43.6,43.6,17300
VHM,2024-10-01 02:54:00,43.6,43.6,43.6,43.6,4100
VHM,2024-10-01 02:55:00,43.6,43.65,43.6,43.65,30600
VHM,2024-10-01 02:56:00,43.65,43.65,43.6,43.6,40600
VHM,2024-10-01 02:57:00,43.6,43.6,43.6,43.6,81400
VHM,2024-10-01 02:58:00,43.6,43.65,43.6,43.65,28200
VHM,2024-10-01 02:59:00,43.65,43.8,43.65,43.8,118900
VHM,2024-10-01 03:00:00,43.8,43.9,43.8,43.85,192500
VHM,2024-10-01 03:01:00,43.85,43.85,43.8,43.8,8100
VHM,2024-10-01 03:02:00,43.8,43.8,43.7,43.7,27700
VHM,2024-10-01 03:03:00,43.7,43.7,43.7,43.7,28600
VHM,2024-10-01 03:04:00,43.7,43.8,43.7,43.75,25100
VHM,2024-10-01 03:05:00,43.75,43.75,43.75,43.75,13500
VHM,2024-10-01 03:06:00,43.75,43.75,43.75,43.75,4100
VHM,2024-10-01 03:07:00,43.75,43.75,43.7,43.7,36900
VHM,2024-10-01 03:08:00,43.7,43.7,43.7,43.7,7500
VHM,2024-10-01 03:09:00,43.7,43.75,43.7,43.7,27700
VHM,2024-10-01 03:10:00,43.7,43.7,43.65,43.65,22500
VHM,2024-10-01 03:11:00,43.65,43.65,43.65,43.65,1900
VHM,2024-10-01 03:12:00,43.65,43.7,43.65,43.7,9900
VHM,2024-10-01 03:13:00,43.7,43.7,43.65,43.65,5300
VHM,2024-10-01 03:14:00,43.65,43.65,43.65,43.65,2400
VHM,2024-10-01 03:15:00,43.65,43.7,43.65,43.7,4000
VHM,2024-10-01 03:16:00,43.7,43.7,43.65,43.65,70200
VHM,2024-10-01 03:17:00,43.65,43.65,43.65,43.65,6200
VHM,2024-10-01 03:18:00,43.65,43.65,43.65,43.65,19200
VHM,2024-10-01 03:19:00,43.65,43.65,43.65,43.65,5200
VHM,2024-10-01 03:20:00,43.65,43.65,43.65,43.65,75700
VHM,2024-10-01 03:21:00,43.65,43.65,43.65,43.65,53900
VHM,2024-10-01 03:22:00,43.65,43.65,43.65,43.65,66000
VHM,2024-10-01 03:23:00,43.65,43.7,43.65,43.65,28400
VHM,2024-10-01 03:24:00,43.65,43.65,43.65,43.65,25600
VHM,2024-10-01 03:25:00,43.65,43.7,43.65,43.7,3700
VHM,2024-10-01 03:26:00,43.7,43.7,43.65,43.7,500
VHM,2024-10-01 03:27:00,43.7,43.7,43.65,43.65,20100
VHM,2024-10-01 03:28:00,43.65,43.65,43.65,43.65,16800
VHM,2024-10-01 03:29:00,43.65,43.7,43.65,43.7,28300
VHM,2024-10-01 03:30:00,43.7,43.75,43.7,43.7,55700
VHM,2024-10-01 03:31:00,43.7,43.75,43.7,43.75,51800
VHM,2024-10-01 03:32:00,43.75,43.75,43.75,43.75,7600
VHM,2024-10-01 03:33:00,43.75,43.8,43.75,43.75,7400
VHM,2024-10-01 03:34:00,43.75,43.8,43.75,43.8,8800
VHM,2024-10-01 03:35:00,43.8,43.8,43.8,43.8,9300
VHM,2024-10-01 03:36:00,43.8,43.8,43.75,43.8,44200
VHM,2024-10-01 03:37:00,43.8,43.85,43.8,43.8,35500
VHM,2024-10-01 03:38:00,43.8,43.8,43.8,43.8,17600
VHM,2024-10-01 03:39:00,43.8,43.85,43.8,43.8,32000
VHM,2024-10-01 03:40:00,43.8,43.8,43.8,43.8,43400
VHM,2024-10-01 03:41:00,43.8,43.8,43.8,43.8,10100
VHM,2024-10-01 03:42:00,43.8,43.85,43.8,43.85,900
VHM,2024-10-01 03:43:00,43.85,43.85,43.8,43.8,8000
VHM,2024-10-01 03:44:00,43.8,43.8,43.8,43.8,39200
VHM,2024-10-01 03:45:00,43.8,43.8,43.75,43.75,17800
VHM,2024-10-01 03:46:00,43.75,43.75,43.75,43.75,12900
VHM,2024-10-01 03:47:00,43.75,43.75,43.75,43.75,40800
VHM,2024-10-01 03:48:00,43.75,43.75,43.75,43.75,19000
VHM,2024-10-01 03:49:00,43.75,43.75,43.7,43.75,9200
VHM,2024-10-01 03:50:00,43.75,43.75,43.7,43.7,14800
VHM,2024-10-01 03:51:00,43.7,43.7,43.7,43.7,20000
VHM,2024-10-01 03:52:00,43.7,43.7,43.7,43.7,2000
VHM,2024-10-01 03:53:00,43.7,43.7,43.7,43.7,8500
VHM,2024-10-01 03:54:00,43.7,43.7,43.7,43.7,1800
VHM,2024-10-01 03:55:00,43.7,43.75,43.7,43.75,42100
VHM,2024-10-01 03:56:00,43.75,43.75,43.75,43.75,1000
VHM,2024-10-01 03:57:00,43.75,43.75,43.7,43.7,1300
VHM,2024-10-01 03:58:00,43.7,43.7,43.7,43.7,1100
VHM,2024-10-01 03:59:00,43.7,43.75,43.7,43.75,4000
VHM,2024-10-01 04:00:00,43.75,43.75,43.75,43.75,8900
VHM,2024-10-01 04:01:00,43.75,43.75,43.7,43.7,1700
VHM,2024-10-01 04:02:00,43.7,43.7,43.7,43.7,1300
VHM,2024-10-01 04:03:00,43.7,43.7,43.7,43.7,6800
VHM,2024-10-01 04:04:00,43.7,43.7,43.7,43.7,3100
VHM,2024-10-01 04:05:00,43.7,43.8,43.7,43.8,32400
VHM,2024-10-01 04:06:00,43.8,43.85,43.75,43.8,187000
VHM,2024-10-01 04:07:00,43.8,43.85,43.8,43.8,12200
VHM,2024-10-01 04:08:00,43.8,43.9,43.8,43.85,88000
VHM,2024-10-01 04:09:00,43.85,43.95,43.85,43.9,118000
VHM,2024-10-01 04:10:00,43.9,43.95,43.9,43.95,109300
VHM,2024-10-01 04:11:00,43.95,44.0,43.95,44.0,122900
VHM,2024-10-01 04:12:00,44.0,44.0,43.95,44.0,47800
VHM,2024-10-01 04:13:00,44.0,44.1,43.95,44.1,383900
VHM,2024-10-01 04:14:00,44.1,44.1,44.05,44.05,121800
VHM,2024-10-01 04:15:00,44.05,44.05,44.05,44.05,17500
VHM,2024-10-01 04:16:00,44.05,44.05,44.0,44.0,50200
VHM,2024-10-01 04:17:00,44.0,44.05,43.95,43.95,51100
VHM,2024-10-01 04:18:00,43.95,44.0,43.95,44.0,15600
VHM,2024-10-01 04:19:00,44.0,44.0,44.0,44.0,25500
VHM,2024-10-01 04:20:00,44.0,44.0,43.95,43.95,7300
VHM,2024-10-01 04:21:00,43.95,44.0,43.95,43.95,29100
VHM,2024-10-01 04:22:00,43.95,44.0,43.95,44.0,16100
VHM,2024-10-01 04:23:00,44.0,44.0,43.95,44.0,95200
VHM,2024-10-01 04:24:00,44.0,44.05,43.95,44.0,106600
VHM,2024-10-01 04:25:00,44.0,44.0,44.0,44.0,38600
VHM,2024-10-01 04:26:00,44.0,44.0,44.0,44.0,6400
VHM,2024-10-01 04:27:00,44.0,44.0,43.95,43.95,27800
VHM,2024-10-01 04:28:00,43.95,44.0,43.95,43.95,25200
VHM,2024-10-01 04:29:00,43.95,44.0,43.95,44.0,7500
VHM,2024-10-01 06:00:00,44.0,44.0,43.85,43.85,87200
VHM,2024-10-01 06:01:00,43.85,43.9,43.85,43.85,17600
VHM,2024-10-01 06:02:00,43.85,43.9,43.85,43.85,6400
VHM,2024-10-01 06:03:00,43.85,43.85,43.85,43.85,8300
VHM,2024-10-01 06:04:00,43.85,43.85,43.8,43.85,13100
VHM,2024-10-01 06:05:00,43.85,43.9,43.8,43.85,54100
VHM,2024-10-01 06:06:00,43.85,43.95,43.85,43.9,17000
VHM,2024-10-01 06:07:00,43.9,43.9,43.9,43.9,15500
VHM,2024-10-01 06:08:00,43.9,43.9,43.9,43.9,30500
VHM,2024-10-01 06:09:00,43.9,43.9,43.85,43.9,17800
VHM,2024-10-01 06:10:00,43.9,43.9,43.8,43.8,27700
VHM,2024-10-01 06:11:00,43.8,43.95,43.8,43.9,56000
VHM,2024-10-01 06:12:00,43.9,43.9,43.9,43.9,16700
VHM,2024-10-01 06:13:00,43.9,43.9,43.85,43.85,2200
VHM,2024-10-01 06:14:00,43.85,43.85,43.85,43.85,17400
VHM,2024-10-01 06:15:00,43.85,43.85,43.85,43.85,18900
VHM,2024-10-01 06:16:00,43.85,43.9,43.85,43.85,72300
VHM,2024-10-01 06:17:00,43.85,43.85,43.85,43.85,1300
VHM,2024-10-01 06:18:00,43.85,43.95,43.85,43.95,43600
VHM,2024-10-01 06:19:00,43.95,43.95,43.9,43.9,21300
VHM,2024-10-01 06:20:00,43.9,43.9,43.9,43.9,20500
VHM,2024-10-01 06:21:00,43.9,43.9,43.9,43.9,30700
VHM,2024-10-01 06:22:00,43.9,43.9,43.9,43.9,23800
VHM,2024-10-01 06:23:00,43.9,43.95,43.9,43.9,14700
VHM,2024-10-01 06:24:00,43.9,43.9,43.85,43.85,9900
VHM,2024-10-01 06:25:00,43.85,43.85,43.8,43.8,37700
VHM,2024-10-01 06:26:00,43.8,43.8,43.75,43.75,46600
VHM,2024-10-01 06:27:00,43.75,43.8,43.75,43.75,22100
VHM,2024-10-01 06:28:00,43.75,43.75,43.75,43.75,12600
VHM,2024-10-01 06:29:00,43.75,43.75,43.7,43.7,66000
VHM,2024-10-01 06:30:00,43.7,43.75,43.65,43.7,102000
VHM,2024-10-01 06:31:00,43.7,43.75,43.65,43.7,61100
VHM,2024-10-01 06:32:00,43.7,43.75,43.7,43.75,12200
VHM,2024-10-01 06:33:00,43.75,43.75,43.7,43.7,109100
VHM,2024-10-01 06:34:00,43.7,43.7,43.7,43.7,4000
VHM,2024-10-01 06:35:00,43.7,43.7,43.7,43.7,10300
VHM,2024-10-01 06:36:00,43.7,43.75,43.7,43.7,27100
VHM,2024-10-01 06:37:00,43.7,43.75,43.7,43.7,2100
VHM,2024-10-01 06:38:00,43.7,43.75,43.7,43.7,43100
VHM,2024-10-01 06:39:00,43.7,43.7,43.7,43.7,34600
VHM,2024-10-01 06:40:00,43.7,43.75,43.7,43.75,3100
VHM,2024-10-01 06:41:00,43.75,43.75,43.7,43.7,80000
VHM,2024-10-01 06:42:00,43.7,43.75,43.7,43.75,10200
VHM,2024-10-01 06:43:00,43.75,43.75,43.7,43.7,5900
VHM,2024-10-01 06:44:00,43.7,43.7,43.7,43.7,105000
VHM,2024-10-01 06:45:00,43.7,43.7,43.7,43.7,32000
VHM,2024-10-01 06:46:00,43.7,43.7,43.7,43.7,81300
VHM,2024-10-01 06:47:00,43.7,43.7,43.65,43.7,101600
VHM,2024-10-01 06:48:00,43.7,43.7,43.6,43.6,111400
VHM,2024-10-01 06:49:00,43.6,43.7,43.6,43.65,26800
VHM,2024-10-01 06:50:00,43.65,43.75,43.65,43.7,19700
VHM,2024-10-01 06:51:00,43.7,43.7,43.7,43.7,5000
VHM,2024-10-01 06:52:00,43.7,43.7,43.65,43.65,12000
VHM,2024-10-01 06:53:00,43.65,43.7,43.65,43.65,38800
VHM,2024-10-01 06:54:00,43.65,43.65,43.65,43.65,14600
VHM,2024-10-01 06:55:00,43.65,43.7,43.65,43.65,3700
VHM,2024-10-01 06:56:00,43.65,43.7,43.65,43.7,14700
VHM,2024-10-01 06:57:00,43.7,43.7,43.7,43.7,400
VHM,2024-10-01 06:58:00,43.7,43.7,43.65,43.65,14000
VHM,2024-10-01 06:59:00,43.65,43.7,43.55,43.7,277100
VHM,2024-10-01 07:00:00,43.7,43.75,43.7,43.7,16000
VHM,2024-10-01 07:01:00,43.7,43.7,43.6,43.6,33200
VHM,2024-10-01 07:02:00,43.6,43.6,43.6,43.6,41600
VHM,2024-10-01 07:03:00,43.6,43.6,43.55,43.6,50000
VHM,2024-10-01 07:04:00,43.6,43.6,43.6,43.6,22200
VHM,2024-10-01 07:05:00,43.6,43.65,43.6,43.6,13100
VHM,2024-10-01 07:06:00,43.6,43.6,43.6,43.6,27800
VHM,2024-10-01 07:07:00,43.6,43.65,43.6,43.6,21600
VHM,2024-10-01 07:08:00,43.6,43.65,43.6,43.6,27300
VHM,2024-10-01 07:09:00,43.6,43.65,43.6,43.65,63400
VHM,2024-10-01 07:10:00,43.65,43.65,43.65,43.65,4800
VHM,2024-10-01 07:11:00,43.65,43.7,43.65,43.7,12500
VHM,2024-10-01 07:12:00,43.7,43.7,43.6,43.6,34400
VHM,2024-10-01 07:13:00,43.6,43.7,43.6,43.65,38100
VHM,2024-10-01 07:14:00,43.65,43.65,43.6,43.6,10400
VHM,2024-10-01 07:15:00,43.6,43.6,43.45,43.45,198700
VHM,2024-10-01 07:16:00,43.45,43.45,43.25,43.3,152500
VHM,2024-10-01 07:17:00,43.3,43.3,43.05,43.2,392200
VHM,2024-10-01 07:18:00,43.2,43.4,43.2,43.3,196800
VHM,2024-10-01 07:19:00,43.3,43.4,43.2,43.4,105100
VHM,2024-10-01 07:20:00,43.4,43.4,43.15,43.2,121100
VHM,2024-10-01 07:21:00,43.2,43.3,43.1,43.2,250800
VHM,2024-10-01 07:22:00,43.2,43.4,43.2,43.4,29300
VHM,2024-10-01 07:23:00,43.4,43.6,43.35,43.6,129000
VHM,2024-10-01 07:24:00,43.6,43.65,43.55,43.6,54200
VHM,2024-10-01 07:25:00,43.6,43.6,43.35,43.6,123000
VHM,2024-10-01 07:26:00,43.6,43.65,43.55,43.65,90300
VHM,2024-10-01 07:27:00,43.65,43.65,43.5,43.5,133200
VHM,2024-10-01 07:28:00,43.5,43.65,43.5,43.6,74800
VHM,2024-10-01 07:29:00,43.6,43.6,43.45,43.45,14900
VHM,2024-10-01 07:45:00,43.45,43.45,43.45,43.45,660600
VHM,2024-10-02 02:15:00,43.05,43.15,43.05,43.15,126700
VHM,2024-10-02 02:16:00,43.15,43.3,43.1,43.1,76000
VHM,2024-10-02 02:17:00,43.1,43.2,43.1,43.15,60900
VHM,2024-10-02 02:18:00,43.15,43.2,43.1,43.2,9400
VHM,2024-10-02 02:19:00,43.2,43.2,43.15,43.2,23000
VHM,2024-10-02 02:20:00,43.2,43.2,43.2,43.2,33700
VHM,2024-10-02 02:21:00,43.2,43.2,43.15,43.2,22300
VHM,2024-10-02 02:22:00,43.2,43.2,43.1,43.15,64400
VHM,2024-10-02 02:23:00,43.15,43.15,43.1,43.15,47200
VHM,2024-10-02 02:24:00,43.15,43.15,43.05,43.05,165700
VHM,2024-10-02 02:25:00,43.05,43.1,43.05,43.05,5600
VHM,2024-10-02 02:26:00,43.05,43.1,43.05,43.1,5200
VHM,2024-10-02 02:27:00,43.1,43.1,43.05,43.1,11000
VHM,2024-10-02 02:28:00,43.1,43.1,43.05,43.1,44500
VHM,2024-10-02 02:29:00,43.1,43.1,43.0,43.05,123100
VHM,2024-10-02 02:30:00,43.05,43.05,43.0,43.0,88200
VHM,2024-10-02 02:31:00,43.0,43.0,42.85,42.95,228100
VHM,2024-10-02 02:32:00,42.95,42.95,42.9,42.95,68000
VHM,2024-10-02 02:33:00,42.95,43.0,42.95,43.0,88900
VHM,2024-10-02 02:34:00,43.0,43.05,43.0,43.05,51600
VHM,2024-10-02 02:35:00,43.05,43.1,43.05,43.05,42300
VHM,2024-10-02 02:36:00,43.05,43.1,43.0,43.05,81800
VHM,2024-10-02 02:37:00,43.05,43.05,43.0,43.0,89900
VHM,2024-10-02 02:38:00,43.0,43.1,43.0,43.1,35900
VHM,2024-10-02 02:39:00,43.1,43.15,43.05,43.15,44600
VHM,2024-10-02 02:40:00,43.15,43.15,43.1,43.1,12900
VHM,2024-10-02 02:41:00,43.1,43.1,43.05,43.05,2800
VHM,2024-10-02 02:42:00,43.05,43.15,43.05,43.15,37500
VHM,2024-10-02 02:43:00,43.15,43.2,43.15,43.2,28200
VHM,2024-10-02 02:44:00,43.2,43.2,43.15,43.2,43900
VHM,2024-10-02 02:45:00,43.2,43.2,43.1,43.1,29600
VHM,2024-10-02 02:46:00,43.1,43.15,43.1,43.1,27700
VHM,2024-10-02 02:47:00,43.1,43.15,43.1,43.15,2700
VHM,2024-10-02 02:48:00,43.15,43.15,43.1,43.15,14900
VHM,2024-10-02 02:49:00,43.15,43.15,43.1,43.1,5600
VHM,2024-10-02 02:50:00,43.1,43.1,43.1,43.1,7300
VHM,2024-10-02 02:51:00,43.1,43.1,43.1,43.1,14400
VHM,2024-10-02 02:52:00,43.1,43.15,43.1,43.15,20500
VHM,2024-10-02 02:53:00,43.15,43.15,43.1,43.1,16400
VHM,2024-10-02 02:55:00,43.1,43.1,43.1,43.1,600
VHM,2024-10-02 02:56:00,43.1,43.15,43.1,43.15,500
VHM,2024-10-02 02:57:00,43.15,43.15,43.15,43.15,200
VHM,2024-10-02 02:58:00,43.15,43.15,43.1,43.1,700
VHM,2024-10-02 02:59:00,43.1,43.15,43.1,43.1,14600
VHM,2024-10-02 03:00:00,43.1,43.15,43.1,43.15,9200
VHM,2024-10-02 03:01:00,43.15,43.15,43.1,43.1,3000
VHM,2024-10-02 03:02:00,43.1,43.15,43.1,43.1,9600
VHM,2024-10-02 03:03:00,43.1,43.15,43.1,43.1,10700
VHM,2024-10-02 03:04:00,43.1,43.15,43.1,43.1,28800
VHM,2024-10-02 03:05:00,43.1,43.1,43.1,43.1,13800
VHM,2024-10-02 03:06:00,43.1,43.1,43.05,43.1,4300
VHM,2024-10-02 03:07:00,43.1,43.1,43.1,43.1,8200
VHM,2024-10-02 03:08:00,43.1,43.1,43.05,43.05,12300
VHM,2024-10-02 03:09:00,43.05,43.1,43.05,43.1,19000
VHM,2024-10-02 03:10:00,43.1,43.1,43.05,43.05,18100
VHM,2024-10-02 03:11:00,43.05,43.05,43.05,43.05,47000
VHM,2024-10-02 03:12:00,43.05,43.05,43.05,43.05,20200
VHM,2024-10-02 03:13:00,43.05,43.05,43.05,43.05,8000
VHM,2024-10-02 03:14:00,43.05,43.1,43.05,43.1,300
VHM,2024-10-02 03:15:00,43.1,43.1,43.05,43.05,100
VHM,2024-10-02 03:16:00,43.05,43.05,43.05,43.05,2200
VHM,2024-10-02 03:17:00,43.05,43.05,43.05,43.05,4900
VHM,2024-10-02 03:18:00,43.05,43.05,43.0,43.0,21100
VHM,2024-10-02 03:19:00,43.0,43.1,43.0,43.0,83400
VHM,2024-10-02 03:20:00,43.0,43.05,43.0,43.0,42100
VHM,2024-10-02 03:21:00,43.0,43.05,43.0,43.0,48500
VHM,2024-10-02 03:22:00,43.0,43.0,43.0,43.0,44500
VHM,2024-10-02 03:23:00,43.0,43.0,43.0,43.0,117400
VHM,2024-10-02 03:24:00,43.0,43.05,43.0,43.05,33700
VHM,2024-10-02 03:25:00,43.05,43.05,43.0,43.0,1200
VHM,2024-10-02 03:26:00,43.0,43.05,43.0,43.05,56500
VHM,2024-10-02 03:27:00,43.05,43.05,43.05,43.05,15600
VHM,2024-10-02 03:28:00,43.05,43.05,43.05,43.05,500
VHM,2024-10-02 03:29:00,43.05,43.1,43.05,43.05,9400
VHM,2024-10-02 03:30:00,43.05,43.05,43.05,43.05,14700
VHM,2024-10-02 03:31:00,43.05,43.05,43.05,43.05,11200
VHM,2024-10-02 03:32:00,43.05,43.1,43.05,43.1,7200
VHM,2024-10-02 03:33:00,43.1,43.1,43.1,43.1,20000
VHM,2024-10-02 03:34:00,43.1,43.1,43.1,43.1,6400
VHM,2024-10-02 03:35:00,43.1,43.1,43.1,43.1,5100
VHM,2024-10-02 03:36:00,43.1,43.1,43.05,43.05,17800
VHM,2024-10-02 03:37:00,43.05,43.1,43.05,43.1,15200
VHM,2024-10-02 03:38:00,43.1,43.15,43.1,43.15,100
VHM,2024-10-02 03:39:00,43.15,43.15,43.1,43.1,62500
VHM,2024-10-02 03:40:00,43.1,43.1,43.05,43.1,1600
VHM,2024-10-02 03:41:00,43.1,43.1,43.05,43.1,109400
VHM,2024-10-02 03:42:00,43.1,43.1,43.1,43.1,14800
VHM,2024-10-02 03:43:00,43.1,43.1,43.05,43.05,50000
VHM,2024-10-02 03:44:00,43.05,43.05,43.05,43.05,57200
VHM,2024-10-02 03:45:00,43.05,43.2,43.05,43.2,112300
VHM,2024-10-02 03:46:00,43.2,43.2,43.15,43.15,117100
VHM,2024-10-02 03:47:00,43.15,43.15,43.05,43.05,74800
VHM,2024-10-02 03:48:00,43.05,43.15,43.05,43.15,4600
VHM,2024-10-02 03:49:00,43.15,43.2,43.1,43.2,15700
VHM,2024-10-02 03:50:00,43.2,43.2,43.2,43.2,200
VHM,2024-10-02 03:51:00,43.2,43.2,43.2,43.2,10600
VHM,2024-10-02 03:52:00,43.2,43.2,43.15,43.15,19900
VHM,2024-10-02 03:53:00,43.15,43.15,43.15,43.15,8400
VHM,2024-10-02 03:54:00,43.15,43.15,43.1,43.1,22500
VHM,2024-10-02 03:55:00,43.1,43.1,43.1,43.1,7500
VHM,2024-10-02 03:56:00,43.1,43.1,43.1,43.1,100
VHM,2024-10-02 03:57:00,43.1,43.1,43.1,43.1,12100
VHM,2024-10-02 03:58:00,43.1,43.15,43.1,43.1,39700
VHM,2024-10-02 04:00:00,43.1,43.1,43.1,43.1,3600
VHM,2024-10-02 04:01:00,43.1,43.1,43.1,43.1,600
VHM,2024-10-02 04:02:00,43.1,43.1,43.1,43.1,8500
VHM,2024-10-02 04:03:00,43.1,43.15,43.1,43.1,2600
VHM,2024-10-02 04:04:00,43.1,43.1,43.1,43.1,2000
VHM,2024-10-02 04:05:00,43.1,43.1,43.05,43.05,27100
VHM,2024-10-02 04:06:00,43.05,43.1,43.05,43.1,4700
VHM,2024-10-02 04:07:00,43.1,43.1,43.1,43.1,8200
VHM,2024-10-02 04:09:00,43.1,43.1,43.05,43.1,500
VHM,2024-10-02 04:10:00,43.1,43.1,43.05,43.05,1000
VHM,2024-10-02 04:11:00,43.05,43.05,43.05,43.05,11600
VHM,2024-10-02 04:12:00,43.05,43.1,43.05,43.1,1600
VHM,2024-10-02 04:13:00,43.1,43.1,43.1,43.1,100
VHM,2024-10-02 04:14:00,43.1,43.1,43.0,43.0,88100
VHM,2024-10-02 04:15:00,43.0,43.05,43.0,43.05,79900
VHM,2024-10-02 04:16:00,43.05,43.05,43.05,43.05,8100
VHM,2024-10-02 04:17:00,43.05,43.1,43.05,43.05,15100
VHM,2024-10-02 04:18:00,43.05,43.05,43.05,43.05,6800
VHM,2024-10-02 04:19:00,43.05,43.05,43.05,43.05,12700
VHM,2024-10-02 04:20:00,43.05,43.05,43.05,43.05,11100
VHM,2024-10-02 04:21:00,43.05,43.05,43.05,43.05,3200
VHM,2024-10-02 04:22:00,43.05,43.1,43.05,43.05,4000
VHM,2024-10-02 04:23:00,43.05,43.05,43.05,43.05,20300
VHM,2024-10-02 04:24:00,43.05,43.05,43.05,43.05,5900
VHM,2024-10-02 04:25:00,43.05,43.05,43.0,43.05,21900
VHM,2024-10-02 04:26:00,43.05,43.05,43.05,43.05,1100
VHM,2024-10-02 04:27:00,43.05,43.05,43.05,43.05,3000
VHM,2024-10-02 04:28:00,43.05,43.05,43.05,43.05,100
VHM,2024-10-02 04:29:00,43.05,43.05,43.0,43.0,28100
VHM,2024-10-02 06:00:00,43.0,43.05,42.95,42.95,171800
VHM,2024-10-02 06:01:00,42.95,43.0,42.95,43.0,38200
VHM,2024-10-02 06:02:00,43.0,43.0,42.95,43.0,2400
VHM,2024-10-02 06:03:00,43.0,43.05,43.0,43.0,63800
VHM,2024-10-02 06:04:00,43.0,43.0,43.0,43.0,3000
VHM,2024-10-02 06:05:00,43.0,43.05,43.0,43.0,11100
VHM,2024-10-02 06:06:00,43.0,43.05,43.0,43.0,8900
VHM,2024-10-02 06:07:00,43.0,43.0,42.95,43.0,20000
VHM,2024-10-02 06:08:00,43.0,43.05,43.0,43.0,21300
VHM,2024-10-02 06:09:00,43.0,43.05,43.0,43.05,5700
VHM,2024-10-02 06:10:00,43.05,43.05,43.0,43.0,9200
VHM,2024-10-02 06:11:00,43.0,43.0,43.0,43.0,13900
VHM,2024-10-02 06:12:00,43.0,43.0,43.0,43.0,17100
VHM,2024-10-02 06:13:00,43.0,43.05,42.95,43.05,58500
VHM,2024-10-02 06:14:00,43.05,43.05,43.0,43.0,5500
VHM,2024-10-02 06:15:00,43.0,43.05,43.0,43.0,26500
VHM,2024-10-02 06:16:00,43.0,43.0,43.0,43.0,9300
VHM,2024-10-02 06:17:00,43.0,43.05,43.0,43.0,15700
VHM,2024-10-02 06:18:00,43.0,43.05,43.0,43.05,68500
VHM,2024-10-02 06:19:00,43.05,43.15,43.05,43.05,170200
VHM,2024-10-02 06:20:00,43.05,43.15,43.05,43.15,600
VHM,2024-10-02 06:21:00,43.15,43.15,43.15,43.15,500
VHM,2024-10-02 06:22:00,43.15,43.15,43.1,43.1,21900
VHM,2024-10-02 06:23:00,43.1,43.1,43.1,43.1,6900
VHM,2024-10-02 06:25:00,43.1,43.1,43.1,43.1,1000
VHM,2024-10-02 06:26:00,43.1,43.1,43.05,43.05,59100
VHM,2024-10-02 06:27:00,43.05,43.05,43.0,43.05,42500
VHM,2024-10-02 06:28:00,43.05,43.05,43.05,43.05,27500
VHM,2024-10-02 06:29:00,43.05,43.1,43.05,43.05,23000
VHM,2024-10-02 06:30:00,43.05,43.05,43.0,43.0,13100
VHM,2024-10-02 06:31:00,43.0,43.05,43.0,43.05,20900
VHM,2024-10-02 06:32:00,43.05,43.1,43.05,43.1,64200
VHM,2024-10-02 06:33:00,43.1,43.1,43.1,43.1,3500
VHM,2024-10-02 06:34:00,43.1,43.1,43.1,43.1,19100
VHM,2024-10-02 06:35:00,43.1,43.1,43.1,43.1,12800
VHM,2024-10-02 06:36:00,43.1,43.15,43.1,43.15,15300
VHM,2024-10-02 06:37:00,43.15,43.15,43.15,43.15,21400
VHM,2024-10-02 06:38:00,43.15,43.15,43.05,43.05,77400
VHM,2024-10-02 06:39:00,43.05,43.1,43.05,43.1,10000
VHM,2024-10-02 06:40:00,43.1,43.1,43.05,43.1,10100
VHM,2024-10-02 06:41:00,43.1,43.1,43.1,43.1,48800
VHM,2024-10-02 06:42:00,43.1,43.1,43.1,43.1,6900
VHM,2024-10-02 06:43:00,43.1,43.1,43.1,43.1,9800
VHM,2024-10-02 06:44:00,43.1,43.15,43.1,43.1,3200
VHM,2024-10-02 06:45:00,43.1,43.15,43.1,43.15,24300
VHM,2024-10-02 06:46:00,43.15,43.15,43.15,43.15,13700
VHM,2024-10-02 06:47:00,43.15,43.15,43.15,43.15,50700
VHM,2024-10-02 06:48:00,43.15,43.15,43.15,43.15,800
VHM,2024-10-02 06:49:00,43.15,43.15,43.1,43.1,17300
VHM,2024-10-02 06:50:00,43.1,43.15,43.1,43.1,19100
VHM,2024-10-02 06:51:00,43.1,43.1,43.1,43.1,1200
VHM,2024-10-02 06:52:00,43.1,43.25,43.1,43.15,198000
VHM,2024-10-02 06:53:00,43.15,43.15,43.1,43.1,50900
VHM,2024-10-02 06:54:00,43.1,43.15,43.1,43.1,60600
VHM,2024-10-02 06:55:00,43.1,43.1,43.1,43.1,300
VHM,2024-10-02 06:56:00,43.1,43.1,43.05,43.05,120500
VHM,2024-10-02 06:57:00,43.05,43.1,43.0,43.0,82500
VHM,2024-10-02 06:58:00,43.0,43.05,43.0,43.0,93100
VHM,2024-10-02 06:59:00,43.0,43.05,43.0,43.05,37100
VHM,2024-10-02 07:00:00,43.05,43.05,43.05,43.05,8800
VHM,2024-10-02 07:01:00,43.05,43.1,43.05,43.1,9600
VHM,2024-10-02 07:02:00,43.1,43.1,43.1,43.1,20200
VHM,2024-10-02 07:03:00,43.1,43.2,43.1,43.2,56900
VHM,2024-10-02 07:04:00,43.2,43.25,43.15,43.25,4800
VHM,2024-10-02 07:05:00,43.25,43.3,43.15,43.25,52200
VHM,2024-10-02 07:06:00,43.25,43.35,43.25,43.35,50500
VHM,2024-10-02 07:07:00,43.35,43.35,43.2,43.3,2700
VHM,2024-10-02 07:08:00,43.3,43.35,43.3,43.35,15600
VHM,2024-10-02 07:09:00,43.35,43.4,43.3,43.4,53100
VHM,2024-10-02 07:10:00,43.4,43.4,43.35,43.4,7800
VHM,2024-10-02 07:11:00,43.4,43.4,43.35,43.4,92700
VHM,2024-10-02 07:12:00,43.4,43.45,43.4,43.4,35800
VHM,2024-10-02 07:13:00,43.4,43.4,43.3,43.3,199000
VHM,2024-10-02 07:14:00,43.3,43.3,43.25,43.3,12200
VHM,2024-10-02 07:15:00,43.3,43.3,43.15,43.2,13900
VHM,2024-10-02 07:16:00,43.2,43.2,43.15,43.15,7700
VHM,2024-10-02 07:17:00,43.15,43.2,43.15,43.2,50600
VHM,2024-10-02 07:18:00,43.2,43.2,43.15,43.2,10300
VHM,2024-10-02 07:19:00,43.2,43.2,43.2,43.2,11000
VHM,2024-10-02 07:20:00,43.2,43.2,43.2,43.2,10000
VHM,2024-10-02 07:21:00,43.2,43.2,43.15,43.2,26900
VHM,2024-10-02 07:22:00,43.2,43.2,43.15,43.2,47600
VHM,2024-10-02 07:23:00,43.2,43.25,43.15,43.15,45200
VHM,2024-10-02 07:24:00,43.15,43.2,43.15,43.2,26400
VHM,2024-10-02 07:25:00,43.2,43.25,43.2,43.2,48100
VHM,2024-10-02 07:26:00,43.2,43.3,43.2,43.25,107400
VHM,2024-10-02 07:27:00,43.25,43.3,43.25,43.25,16000
VHM,2024-10-02 07:28:00,43.25,43.25,43.25,43.25,51600
VHM,2024-10-02 07:29:00,43.25,43.35,43.25,43.3,93700
VHM,2024-10-02 07:45:00,43.4,43.4,43.4,43.4,918800
VHM,2024-10-03 02:15:00,43.0,43.15,43.0,43.15,78600
VHM,2024-10-03 02:16:00,43.15,43.15,43.05,43.15,38100
VHM,2024-10-03 02:17:00,43.15,43.2,43.1,43.15,46900
VHM,2024-10-03 02:18:00,43.15,43.15,43.15,43.15,4700
VHM,2024-10-03 02:19:00,43.15,43.15,43.1,43.1,28100
VHM,2024-10-03 02:20:00,43.1,43.1,43.05,43.05,33500
VHM,2024-10-03 02:21:00,43.05,43.05,43.05,43.05,50400
VHM,2024-10-03 02:22:00,43.05,43.1,43.05,43.05,12400
VHM,2024-10-03 02:23:00,43.05,43.05,43.05,43.05,26100
VHM,2024-10-03 02:24:00,43.05,43.1,43.05,43.1,35300
VHM,2024-10-03 02:25:00,43.1,43.15,43.1,43.15,33800
VHM,2024-10-03 02:26:00,43.15,43.15,43.1,43.1,2200
VHM,2024-10-03 02:27:00,43.1,43.2,43.1,43.2,31500
VHM,2024-10-03 02:28:00,43.2,43.2,43.15,43.2,22300
VHM,2024-10-03 02:29:00,43.2,43.2,43.15,43.15,72100
VHM,2024-10-03 02:30:00,43.15,43.15,43.1,43.15,5800
VHM,2024-10-03 02:31:00,43.15,43.15,43.15,43.15,81800
VHM,2024-10-03 02:32:00,43.15,43.15,43.15,43.15,19500
VHM,2024-10-03 02:33:00,43.15,43.15,43.1,43.15,14800
VHM,2024-10-03 02:34:00,43.15,43.15,43.1,43.15,28000
VHM,2024-10-03 02:35:00,43.15,43.15,43.1,43.1,10200
VHM,2024-10-03 02:36:00,43.1,43.15,43.1,43.15,85700
VHM,2024-10-03 02:37:00,43.15,43.2,43.15,43.2,36000
VHM,2024-10-03 02:38:00,43.2,43.2,43.15,43.2,25100
VHM,2024-10-03 02:39:00,43.2,43.2,43.2,43.2,27900
VHM,2024-10-03 02:40:00,43.2,43.25,43.15,43.2,28600
VHM,2024-10-03 02:41:00,43.2,43.25,43.2,43.2,13200
VHM,2024-10-03 02:42:00,43.2,43.25,43.2,43.25,2800
VHM,2024-10-03 02:43:00,43.25,43.25,43.2,43.2,90400
VHM,2024-10-03 02:44:00,43.2,43.2,43.15,43.2,7000
VHM,2024-10-03 02:45:00,43.2,43.2,43.2,43.2,6100
VHM,2024-10-03 02:46:00,43.2,43.2,43.15,43.15,62600
VHM,2024-10-03 02:47:00,43.15,43.15,43.15,43.15,29800
VHM,2024-10-03 02:48:00,43.15,43.15,43.1,43.15,23000
VHM,2024-10-03 02:49:00,43.15,43.15,43.15,43.15,2900
VHM,2024-10-03 02:50:00,43.15,43.15,43.15,43.15,8100
VHM,2024-10-03 02:51:00,43.15,43.15,43.1,43.1,9100
VHM,2024-10-03 02:52:00,43.1,43.1,43.05,43.1,178100
VHM,2024-10-03 02:53:00,43.1,43.1,43.05,43.05,169900
VHM,2024-10-03 02:54:00,43.05,43.1,43.0,43.0,121300
VHM,2024-10-03 02:55:00,43.0,43.05,42.95,43.0,276000
VHM,2024-10-03 02:56:00,43.0,43.0,42.95,42.95,15100
VHM,2024-10-03 02:57:00,42.95,43.0,42.9,42.9,208600
VHM,2024-10-03 02:58:00,42.9,42.9,42.85,42.9,101000
VHM,2024-10-03 02:59:00,42.9,42.95,42.9,42.95,12400
VHM,2024-10-03 03:00:00,42.95,42.95,42.9,42.9,36500
VHM,2024-10-03 03:01:00,42.9,42.95,42.9,42.95,38000
VHM,2024-10-03 03:02:00,42.95,42.95,42.9,42.9,273000
VHM,2024-10-03 03:03:00,42.9,42.9,42.85,42.9,91800
VHM,2024-10-03 03:04:00,42.9,42.95,42.9,42.95,104800
VHM,2024-10-03 03:05:00,42.95,43.0,42.9,42.95,143600
VHM,2024-10-03 03:06:00,42.95,43.0,42.9,42.95,52500
VHM,2024-10-03 03:07:00,42.95,43.0,42.95,42.95,32800
VHM,2024-10-03 03:08:00,42.95,42.95,42.9,42.95,48700
VHM,2024-10-03 03:09:00,42.95,43.0,42.9,43.0,125500
VHM,2024-10-03 03:10:00,43.0,43.0,42.95,43.0,110100
VHM,2024-10-03 03:11:00,43.0,43.0,42.95,43.0,105800
VHM,2024-10-03 03:12:00,43.0,43.0,42.95,43.0,71500
VHM,2024-10-03 03:13:00,43.0,43.05,43.0,43.05,15900
VHM,2024-10-03 03:14:00,43.05,43.05,43.05,43.05,25200
VHM,2024-10-03 03:15:00,43.05,43.1,43.05,43.05,38000
VHM,2024-10-03 03:16:00,43.05,43.05,43.0,43.0,95800
VHM,2024-10-03 03:17:00,43.0,43.05,43.0,43.0,28400
VHM,2024-10-03 03:18:00,43.0,43.0,42.95,43.0,39100
VHM,2024-10-03 03:19:00,43.0,43.0,42.9,42.9,20400
VHM,2024-10-03 03:20:00,42.9,43.0,42.9,42.95,302200
VHM,2024-10-03 03:21:00,42.95,42.95,42.9,42.9,127700
VHM,2024-10-03 03:22:00,42.9,42.9,42.85,42.9,52100
VHM,2024-10-03 03:23:00,42.9,42.9,42.9,42.9,17800
VHM,2024-10-03 03:24:00,42.9,42.9,42.9,42.9,27000
VHM,2024-10-03 03:25:00,42.9,42.95,42.9,42.9,66300
VHM,2024-10-03 03:26:00,42.9,42.9,42.9,42.9,26900
VHM,2024-10-03 03:27:00,42.9,42.95,42.85,42.85,58200
VHM,2024-10-03 03:28:00,42.85,42.95,42.85,42.9,34700
VHM,2024-10-03 03:29:00,42.9,42.9,42.9,42.9,35200
VHM,2024-10-03 03:30:00,42.9,42.95,42.9,42.9,900
VHM,2024-10-03 03:31:00,42.9,42.95,42.9,42.9,33300
VHM,2024-10-03 03:32:00,42.9,42.9,42.9,42.9,100
VHM,2024-10-03 03:33:00,42.9,42.9,42.9,42.9,29500
VHM,2024-10-03 03:34:00,42.9,42.95,42.85,42.9,61300
VHM,2024-10-03 03:35:00,42.9,42.9,42.8,42.8,535500
VHM,2024-10-03 03:36:00,42.8,42.8,42.75,42.75,114800
VHM,2024-10-03 03:37:00,42.75,42.75,42.75,42.75,74600
VHM,2024-10-03 03:38:00,42.75,42.8,42.75,42.75,63500
VHM,2024-10-03 03:39:00,42.75,42.85,42.75,42.85,63500
VHM,2024-10-03 03:40:00,42.85,42.85,42.8,42.8,17900
VHM,2024-10-03 03:41:00,42.8,42.85,42.8,42.8,5300
VHM,2024-10-03 03:42:00,42.8,42.85,42.75,42.75,148300
VHM,2024-10-03 03:43:00,42.75,42.8,42.75,42.8,1700
VHM,2024-10-03 03:44:00,42.8,42.85,42.8,42.8,37000
VHM,2024-10-03 03:45:00,42.8,42.85,42.75,42.8,159600
VHM,2024-10-03 03:46:00,42.8,42.8,42.55,42.65,641400
VHM,2024-10-03 03:47:00,42.65,42.65,42.5,42.55,674000
VHM,2024-10-03 03:48:00,42.55,42.55,42.4,42.4,231200
VHM,2024-10-03 03:49:00,42.4,42.5,42.4,42.5,180900
VHM,2024-10-03 03:50:00,42.5,42.55,42.45,42.5,186000
VHM,2024-10-03 03:51:00,42.5,42.55,42.5,42.55,75200
VHM,2024-10-03 03:52:00,42.55,42.6,42.55,42.55,50900
VHM,2024-10-03 03:53:00,42.55,42.6,42.5,42.55,108800
VHM,2024-10-03 03:54:00,42.55,42.6,42.55,42.55,3600
VHM,2024-10-03 03:55:00,42.55,42.6,42.5,42.5,101200
VHM,2024-10-03 03:56:00,42.5,42.55,42.5,42.5,50600
VHM,2024-10-03 03:57:00,42.5,42.55,42.5,42.55,11000
VHM,2024-10-03 03:58:00,42.55,42.55,42.5,42.55,45200
VHM,2024-10-03 03:59:00,42.55,42.55,42.5,42.5,99000
VHM,2024-10-03 04:00:00,42.5,42.6,42.45,42.6,114800
VHM,2024-10-03 04:01:00,42.6,42.6,42.5,42.5,145200
VHM,2024-10-03 04:02:00,42.5,42.55,42.5,42.5,33000
VHM,2024-10-03 04:03:00,42.5,42.5,42.45,42.5,183800
VHM,2024-10-03 04:04:00,42.5,42.5,42.35,42.4,320700
VHM,2024-10-03 04:05:00,42.4,42.4,42.25,42.25,285200
VHM,2024-10-03 04:06:00,42.25,42.3,42.15,42.2,455200
VHM,2024-10-03 04:07:00,42.2,42.25,42.1,42.2,198700
VHM,2024-10-03 04:08:00,42.2,42.2,41.95,41.95,949100
VHM,2024-10-03 04:09:00,41.95,42.0,41.9,41.95,172200
VHM,2024-10-03 04:10:00,41.95,42.0,41.95,42.0,120100
VHM,2024-10-03 04:11:00,42.0,42.2,41.95,42.05,340200
VHM,2024-10-03 04:12:00,42.05,42.05,41.95,42.0,684600
VHM,2024-10-03 04:13:00,42.0,42.1,41.95,42.0,316500
VHM,2024-10-03 04:14:00,42.0,42.05,41.95,42.0,359800
VHM,2024-10-03 04:15:00,42.0,42.1,42.0,42.0,308600
VHM,2024-10-03 04:16:00,42.0,42.1,41.95,42.1,47700
VHM,2024-10-03 04:17:00,42.1,42.2,42.1,42.2,11800
VHM,2024-10-03 04:18:00,42.2,42.25,42.15,42.25,42500
VHM,2024-10-03 04:19:00,42.25,42.3,42.2,42.3,69900
VHM,2024-10-03 04:20:00,42.3,42.3,42.2,42.25,113900
VHM,2024-10-03 04:21:00,42.25,42.25,42.2,42.2,84500
VHM,2024-10-03 04:22:00,42.2,42.2,42.1,42.2,95200
VHM,2024-10-03 04:23:00,42.2,42.25,42.0,42.2,316300
VHM,2024-10-03 04:24:00,42.2,42.2,41.9,42.0,453800
VHM,2024-10-03 04:25:00,42.0,42.0,41.9,41.95,269700
VHM,2024-10-03 04:26:00,41.95,42.0,41.9,41.95,153300
VHM,2024-10-03 04:27:00,41.95,42.0,41.9,41.9,325400
VHM,2024-10-03 04:28:00,41.9,42.0,41.8,41.95,197500
VHM,2024-10-03 04:29:00,41.95,41.95,41.8,41.85,314100
VHM,2024-10-03 06:00:00,41.85,41.9,41.65,41.75,730400
VHM,2024-10-03 06:01:00,41.75,41.8,41.65,41.8,69400
VHM,2024-10-03 06:02:00,41.8,41.8,41.7,41.75,67700
VHM,2024-10-03 06:03:00,41.75,41.8,41.75,41.75,18200
VHM,2024-10-03 06:04:00,41.75,41.8,41.75,41.8,55800
VHM,2024-10-03 06:05:00,41.8,41.85,41.75,41.85,211100
VHM,2024-10-03 06:06:00,41.85,42.0,41.85,41.9,97100
VHM,2024-10-03 06:07:00,41.9,41.95,41.9,41.95,32600
VHM,2024-10-03 06:08:00,41.95,42.0,41.95,41.95,49500
VHM,2024-10-03 06:09:00,41.95,42.0,41.95,41.95,185800
VHM,2024-10-03 06:10:00,41.95,42.1,41.95,42.05,66300
VHM,2024-10-03 06:11:00,42.05,42.15,42.05,42.15,66000
VHM,2024-10-03 06:12:00,42.15,42.25,42.1,42.15,157800
VHM,2024-10-03 06:13:00,42.15,42.2,42.05,42.1,34700
VHM,2024-10-03 06:14:00,42.1,42.15,42.1,42.1,14100
VHM,2024-10-03 06:15:00,42.1,42.2,42.1,42.15,64300
VHM,2024-10-03 06:16:00,42.15,42.15,42.0,42.0,275100
VHM,2024-10-03 06:17:00,42.0,42.1,41.95,42.0,80500
VHM,2024-10-03 06:18:00,42.0,42.1,41.95,42.0,204300
VHM,2024-10-03 06:19:00,42.0,42.0,42.0,42.0,55000
VHM,2024-10-03 06:20:00,42.0,42.0,41.95,41.95,17700
VHM,2024-10-03 06:21:00,41.95,42.0,41.95,41.95,125800
VHM,2024-10-03 06:22:00,41.95,41.95,41.95,41.95,84100
VHM,2024-10-03 06:23:00,41.95,41.95,41.9,41.95,75800
VHM,2024-10-03 06:24:00,41.95,42.0,41.95,42.0,53900
VHM,2024-10-03 06:25:00,42.0,42.0,41.95,41.95,20900
VHM,2024-10-03 06:26:00,41.95,42.0,41.95,41.95,21200
VHM,2024-10-03 06:27:00,41.95,42.05,41.95,42.0,101400
VHM,2024-10-03 06:28:00,42.0,42.0,41.95,42.0,105300
VHM,2024-10-03 06:29:00,42.0,42.0,42.0,42.0,90800
VHM,2024-10-03 06:30:00,42.0,42.0,41.95,41.95,111700
VHM,2024-10-03 06:31:00,41.95,42.0,41.95,41.95,26000
VHM,2024-10-03 06:32:00,41.95,41.95,41.9,41.95,124300
VHM,2024-10-03 06:33:00,41.95,41.95,41.95,41.95,92600
VHM,2024-10-03 06:34:00,41.95,42.0,41.95,41.95,38900
VHM,2024-10-03 06:35:00,41.95,41.95,41.85,41.9,129300
VHM,2024-10-03 06:36:00,41.9,41.9,41.85,41.9,33200
VHM,2024-10-03 06:37:00,41.9,41.95,41.9,41.95,36500
VHM,2024-10-03 06:38:00,41.95,41.95,41.9,41.9,63800
VHM,2024-10-03 06:39:00,41.9,41.9,41.8,41.8,124700
VHM,2024-10-03 06:40:00,41.8,41.85,41.75,41.75,233900
VHM,2024-10-03 06:41:00,41.75,41.85,41.75,41.8,66600
VHM,2024-10-03 06:42:00,41.8,41.8,41.75,41.8,39700
VHM,2024-10-03 06:43:00,41.8,41.8,41.75,41.8,60000
VHM,2024-10-03 06:44:00,41.8,41.8,41.75,41.8,35300
VHM,2024-10-03 06:45:00,41.8,41.85,41.8,41.85,77100
VHM,2024-10-03 06:46:00,41.85,41.85,41.8,41.85,56500
VHM,2024-10-03 06:47:00,41.85,41.9,41.85,41.9,135400
VHM,2024-10-03 06:48:00,41.9,41.95,41.9,41.9,19000
VHM,2024-10-03 06:49:00,41.9,41.95,41.85,41.9,116100
VHM,2024-10-03 06:50:00,41.9,41.95,41.9,41.9,7400
VHM,2024-10-03 06:51:00,41.9,41.95,41.85,41.9,76600
VHM,2024-10-03 06:52:00,41.9,41.9,41.85,41.85,78400
VHM,2024-10-03 06:53:00,41.85,41.85,41.8,41.85,113200
VHM,2024-10-03 06:54:00,41.85,41.9,41.85,41.9,9800
VHM,2024-10-03 06:55:00,41.9,41.9,41.9,41.9,9200
VHM,2024-10-03 06:56:00,41.9,41.9,41.85,41.85,108800
VHM,2024-10-03 06:57:00,41.85,41.9,41.85,41.9,23000
VHM,2024-10-03 06:58:00,41.9,41.95,41.85,41.95,48000
VHM,2024-10-03 06:59:00,41.95,41.95,41.85,41.9,53500
VHM,2024-10-03 07:00:00,41.9,41.9,41.9,41.9,23000
VHM,2024-10-03 07:01:00,41.9,41.9,41.85,41.9,16300
VHM,2024-10-03 07:02:00,41.9,41.95,41.9,41.95,15400
VHM,2024-10-03 07:03:00,41.95,42.0,41.95,42.0,107400
VHM,2024-10-03 07:04:00,42.0,42.0,41.95,42.0,9800
VHM,2024-10-03 07:05:00,42.0,42.0,41.95,42.0,80500
VHM,2024-10-03 07:06:00,42.0,42.0,42.0,42.0,2000
VHM,2024-10-03 07:07:00,42.0,42.05,42.0,42.05,38600
VHM,2024-10-03 07:08:00,42.05,42.05,42.0,42.05,136300
VHM,2024-10-03 07:09:00,42.05,42.15,42.05,42.15,56600
VHM,2024-10-03 07:10:00,42.15,42.2,42.1,42.1,76200
VHM,2024-10-03 07:11:00,42.1,42.15,42.1,42.1,54400
VHM,2024-10-03 07:12:00,42.1,42.15,42.0,42.0,181000
VHM,2024-10-03 07:13:00,42.0,42.0,41.95,41.95,58300
VHM,2024-10-03 07:14:00,41.95,41.95,41.85,41.85,251600
VHM,2024-10-03 07:15:00,41.85,41.85,41.8,41.85,88900
VHM,2024-10-03 07:16:00,41.85,41.85,41.75,41.8,269900
VHM,2024-10-03 07:17:00,41.8,41.85,41.75,41.8,98200
VHM,2024-10-03 07:18:00,41.8,41.8,41.7,41.7,252100
VHM,2024-10-03 07:19:00,41.7,41.75,41.7,41.7,229000
VHM,2024-10-03 07:20:00,41.7,41.75,41.65,41.75,149800
VHM,2024-10-03 07:21:00,41.75,41.8,41.7,41.8,94500
VHM,2024-10-03 07:22:00,41.8,41.85,41.75,41.8,118400
VHM,2024-10-03 07:23:00,41.8,41.85,41.8,41.85,65700
VHM,2024-10-03 07:24:00,41.85,41.9,41.8,41.9,48700
VHM,2024-10-03 07:25:00,41.9,42.0,41.9,41.95,137100
VHM,2024-10-03 07:26:00,41.95,42.0,41.9,41.95,164300
VHM,2024-10-03 07:27:00,41.95,41.95,41.85,41.9,131500
VHM,2024-10-03 07:28:00,41.9,41.95,41.8,41.9,149100
VHM,2024-10-03 07:29:00,41.9,41.9,41.8,41.8,101900
VHM,2024-10-03 07:45:00,41.6,41.6,41.6,41.6,2548200
VHM,2024-10-04 02:15:00,41.55,41.6,41.5,41.5,99100
VHM,2024-10-04 02:16:00,41.5,41.55,41.45,41.5,119700
VHM,2024-10-04 02:17:00,41.5,41.5,41.35,41.35,125700
VHM,2024-10-04 02:18:00,41.35,41.35,41.15,41.2,123600
VHM,2024-10-04 02:19:00,41.2,41.3,41.2,41.25,20800
VHM,2024-10-04 02:20:00,41.25,41.3,41.25,41.25,56000
VHM,2024-10-04 02:21:00,41.25,41.3,41.2,41.25,55000
VHM,2024-10-04 02:22:00,41.25,41.25,41.2,41.25,47300
VHM,2024-10-04 02:23:00,41.25,41.3,41.25,41.3,23600
VHM,2024-10-04 02:24:00,41.3,41.3,41.25,41.3,53400
VHM,2024-10-04 02:25:00,41.3,41.4,41.3,41.4,77400
VHM,2024-10-04 02:26:00,41.4,41.4,41.35,41.35,9700
VHM,2024-10-04 02:27:00,41.35,41.35,41.3,41.3,26700
VHM,2024-10-04 02:28:00,41.3,41.35,41.25,41.35,135300
VHM,2024-10-04 02:29:00,41.35,41.35,41.3,41.35,18700
VHM,2024-10-04 02:30:00,41.35,41.35,41.3,41.35,50300
VHM,2024-10-04 02:31:00,41.35,41.4,41.35,41.4,72300
VHM,2024-10-04 02:32:00,41.4,41.45,41.4,41.45,10900
VHM,2024-10-04 02:33:00,41.45,41.45,41.4,41.45,38400
VHM,2024-10-04 02:34:00,41.45,41.55,41.45,41.5,67300
VHM,2024-10-04 02:35:00,41.5,41.55,41.45,41.5,36900
VHM,2024-10-04 02:36:00,41.5,41.5,41.45,41.5,9700
VHM,2024-10-04 02:37:00,41.5,41.5,41.45,41.45,36100
VHM,2024-10-04 02:38:00,41.45,41.45,41.4,41.4,75100
VHM,2024-10-04 02:39:00,41.4,41.45,41.4,41.4,25600
VHM,2024-10-04 02:40:00,41.4,41.45,41.4,41.4,9400
VHM,2024-10-04 02:41:00,41.4,41.45,41.4,41.45,9200
VHM,2024-10-04 02:42:00,41.45,41.5,41.45,41.5,7700
VHM,2024-10-04 02:43:00,41.5,41.55,41.5,41.55,31600
VHM,2024-10-04 02:44:00,41.55,41.65,41.55,41.65,30400
VHM,2024-10-04 02:45:00,41.65,41.7,41.6,41.7,3400
VHM,2024-10-04 02:46:00,41.7,41.75,41.7,41.75,7800
VHM,2024-10-04 02:47:00,41.75,41.8,41.75,41.8,7800
VHM,2024-10-04 02:48:00,41.8,41.95,41.8,41.85,81400
VHM,2024-10-04 02:49:00,41.85,41.85,41.8,41.8,15700
VHM,2024-10-04 02:50:00,41.8,41.8,41.75,41.8,13400
VHM,2024-10-04 02:51:00,41.8,41.8,41.75,41.75,9000
VHM,2024-10-04 02:52:00,41.75,41.75,41.7,41.7,3800
VHM,2024-10-04 02:53:00,41.7,41.75,41.7,41.75,7900
VHM,2024-10-04 02:54:00,41.75,41.8,41.75,41.8,300
VHM,2024-10-04 02:55:00,41.8,41.8,41.8,41.8,1900
VHM,2024-10-04 02:56:00,41.8,41.8,41.8,41.8,5000
VHM,2024-10-04 02:57:00,41.8,41.8,41.8,41.8,12700
VHM,2024-10-04 02:58:00,41.8,41.8,41.8,41.8,13600
VHM,2024-10-04 02:59:00,41.8,41.8,41.8,41.8,16800
VHM,2024-10-04 03:00:00,41.8,41.8,41.8,41.8,3300
VHM,2024-10-04 03:01:00,41.8,41.85,41.8,41.85,25900
VHM,2024-10-04 03:02:00,41.85,41.85,41.8,41.85,18300
VHM,2024-10-04 03:03:00,41.85,41.9,41.85,41.9,2900
VHM,2024-10-04 03:04:00,41.9,41.9,41.85,41.9,8500
VHM,2024-10-04 03:05:00,41.9,41.95,41.9,41.9,32100
VHM,2024-10-04 03:06:00,41.9,41.9,41.8,41.8,60500
VHM,2024-10-04 03:07:00,41.8,41.85,41.8,41.8,3500
VHM,2024-10-04 03:08:00,41.8,41.85,41.8,41.85,5900
VHM,2024-10-04 03:09:00,41.85,41.85,41.8,41.8,2300
VHM,2024-10-04 03:10:00,41.8,41.85,41.8,41.85,12200
VHM,2024-10-04 03:11:00,41.85,41.85,41.85,41.85,9300
VHM,2024-10-04 03:12:00,41.85,41.85,41.85,41.85,4700
VHM,2024-10-04 03:13:00,41.85,41.85,41.8,41.8,31800
VHM,2024-10-04 03:14:00,41.8,41.8,41.75,41.75,11000
VHM,2024-10-04 03:15:00,41.75,41.8,41.75,41.8,6900
VHM,2024-10-04 03:16:00,41.8,41.8,41.75,41.75,2200
VHM,2024-10-04 03:17:00,41.75,41.8,41.75,41.75,17600
VHM,2024-10-04 03:18:00,41.75,41.75,41.7,41.75,11300
VHM,2024-10-04 03:19:00,41.75,41.75,41.65,41.65,29600
VHM,2024-10-04 03:20:00,41.65,41.65,41.65,41.65,5500
VHM,2024-10-04 03:21:00,41.65,41.65,41.65,41.65,12800
VHM,2024-10-04 03:22:00,41.65,41.7,41.65,41.7,8400
VHM,2024-10-04 03:23:00,41.7,41.7,41.65,41.65,3600
VHM,2024-10-04 03:24:00,41.65,41.65,41.65,41.65,15000
VHM,2024-10-04 03:25:00,41.65,41.65,41.6,41.6,48900
VHM,2024-10-04 03:26:00,41.6,41.6,41.6,41.6,9700
VHM,2024-10-04 03:27:00,41.6,41.6,41.55,41.6,32100
VHM,2024-10-04 03:28:00,41.6,41.6,41.6,41.6,10600
VHM,2024-10-04 03:29:00,41.6,41.6,41.6,41.6,6300
VHM,2024-10-04 03:30:00,41.6,41.6,41.6,41.6,2900
VHM,2024-10-04 03:31:00,41.6,41.6,41.55,41.55,1100
VHM,2024-10-04 03:32:00,41.55,41.55,41.55,41.55,8300
VHM,2024-10-04 03:33:00,41.55,41.55,41.55,41.55,12200
VHM,2024-10-04 03:34:00,41.55,41.55,41.55,41.55,28200
VHM,2024-10-04 03:35:00,41.55,41.55,41.5,41.5,16200
VHM,2024-10-04 03:36:00,41.5,41.55,41.5,41.55,9800
VHM,2024-10-04 03:37:00,41.55,41.55,41.55,41.55,17600
VHM,2024-10-04 03:38:00,41.55,41.6,41.55,41.55,15300
VHM,2024-10-04 03:39:00,41.55,41.55,41.55,41.55,4600
VHM,2024-10-04 03:40:00,41.55,41.6,41.55,41.6,2100
VHM,2024-10-04 03:41:00,41.6,41.6,41.55,41.55,3600
VHM,2024-10-04 03:42:00,41.55,41.6,41.55,41.55,5500
VHM,2024-10-04 03:43:00,41.55,41.6,41.55,41.6,500
VHM,2024-10-04 03:44:00,41.6,41.6,41.55,41.55,500
VHM,2024-10-04 03:45:00,41.55,41.55,41.55,41.55,10200
VHM,2024-10-04 03:46:00,41.55,41.6,41.55,41.6,4400
VHM,2024-10-04 03:47:00,41.6,41.6,41.55,41.6,9000
VHM,2024-10-04 03:48:00,41.6,41.6,41.55,41.55,14100
VHM,2024-10-04 03:49:00,41.55,41.55,41.55,41.55,100
VHM,2024-10-04 03:50:00,41.55,41.55,41.55,41.55,100
VHM,2024-10-04 03:51:00,41.55,41.6,41.55,41.6,4500
VHM,2024-10-04 03:53:00,41.6,41.6,41.55,41.6,5300
VHM,2024-10-04 03:54:00,41.6,41.6,41.6,41.6,5500
VHM,2024-10-04 03:55:00,41.6,41.6,41.6,41.6,7500
VHM,2024-10-04 03:56:00,41.6,41.6,41.6,41.6,5400
VHM,2024-10-04 03:57:00,41.6,41.6,41.55,41.6,33600
VHM,2024-10-04 03:58:00,41.6,41.6,41.6,41.6,15500
VHM,2024-10-04 03:59:00,41.6,41.6,41.6,41.6,9200
VHM,2024-10-04 04:00:00,41.6,41.6,41.6,41.6,2200
VHM,2024-10-04 04:01:00,41.6,41.6,41.5,41.55,42600
VHM,2024-10-04 04:02:00,41.55,41.55,41.5,41.55,19300
VHM,2024-10-04 04:03:00,41.55,41.55,41.55,41.55,2300
VHM,2024-10-04 04:04:00,41.55,41.55,41.5,41.55,10100
VHM,2024-10-04 04:05:00,41.55,41.55,41.55,41.55,2400
VHM,2024-10-04 04:06:00,41.55,41.6,41.55,41.55,12300
VHM,2024-10-04 04:07:00,41.55,41.55,41.5,41.5,9100
VHM,2024-10-04 04:08:00,41.5,41.5,41.5,41.5,62700
VHM,2024-10-04 04:09:00,41.5,41.55,41.5,41.55,30600
VHM,2024-10-04 04:10:00,41.55,41.55,41.5,41.5,11900
VHM,2024-10-04 04:11:00,41.5,41.5,41.5,41.5,16200
VHM,2024-10-04 04:12:00,41.5,41.55,41.5,41.55,1400
VHM,2024-10-04 04:13:00,41.55,41.55,41.5,41.55,10600
VHM,2024-10-04 04:14:00,41.55,41.55,41.5,41.55,18600
VHM,2024-10-04 04:15:00,41.55,41.55,41.5,41.55,24400
VHM,2024-10-04 04:16:00,41.55,41.55,41.55,41.55,8900
VHM,2024-10-04 04:17:00,41.55,41.55,41.55,41.55,4400
VHM,2024-10-04 04:18:00,41.55,41.55,41.55,41.55,5000
VHM,2024-10-04 04:19:00,41.55,41.55,41.55,41.55,15700
VHM,2024-10-04 04:20:00,41.55,41.55,41.5,41.5,53100
VHM,2024-10-04 04:21:00,41.5,41.55,41.5,41.55,49100
VHM,2024-10-04 04:22:00,41.55,41.55,41.5,41.55,27000
VHM,2024-10-04 04:23:00,41.55,41.55,41.5,41.5,4900
VHM,2024-10-04 04:24:00,41.5,41.5,41.5,41.5,5000
VHM,2024-10-04 04:25:00,41.5,41.55,41.5,41.55,8600
VHM,2024-10-04 04:26:00,41.55,41.55,41.5,41.5,7900
VHM,2024-10-04 04:27:00,41.5,41.55,41.5,41.55,7200
VHM,2024-10-04 04:28:00,41.55,41.55,41.5,41.5,60100
VHM,2024-10-04 04:29:00,41.5,41.5,41.5,41.5,3100
VHM,2024-10-04 06:00:00,41.5,41.6,41.45,41.6,66200
VHM,2024-10-04 06:01:00,41.6,41.65,41.6,41.65,20400
VHM,2024-10-04 06:02:00,41.65,41.65,41.65,41.65,17400
VHM,2024-10-04 06:03:00,41.65,41.75,41.65,41.75,30800
VHM,2024-10-04 06:04:00,41.75,41.75,41.75,41.75,18200
VHM,2024-10-04 06:05:00,41.75,41.85,41.75,41.8,88700
VHM,2024-10-04 06:06:00,41.8,41.8,41.8,41.8,43000
VHM,2024-10-04 06:07:00,41.8,41.8,41.8,41.8,61100
VHM,2024-10-04 06:08:00,41.8,41.8,41.75,41.75,45400
VHM,2024-10-04 06:09:00,41.75,41.75,41.7,41.75,24800
VHM,2024-10-04 06:10:00,41.75,41.8,41.75,41.8,26000
VHM,2024-10-04 06:11:00,41.8,41.85,41.8,41.8,54400
VHM,2024-10-04 06:12:00,41.8,41.8,41.7,41.8,84000
VHM,2024-10-04 06:13:00,41.8,41.8,41.75,41.75,15400
VHM,2024-10-04 06:14:00,41.75,41.75,41.7,41.75,17500
VHM,2024-10-04 06:15:00,41.75,41.85,41.75,41.85,52500
VHM,2024-10-04 06:16:00,41.85,41.85,41.8,41.8,62900
VHM,2024-10-04 06:17:00,41.8,41.8,41.8,41.8,4400
VHM,2024-10-04 06:18:00,41.8,41.8,41.8,41.8,54000
VHM,2024-10-04 06:19:00,41.8,41.85,41.8,41.85,12800
VHM,2024-10-04 06:20:00,41.85,41.9,41.8,41.9,88700
VHM,2024-10-04 06:21:00,41.9,41.9,41.85,41.9,100000
VHM,2024-10-04 06:22:00,41.9,41.95,41.85,41.95,106100
VHM,2024-10-04 06:23:00,41.95,41.95,41.9,41.9,4800
VHM,2024-10-04 06:24:00,41.9,41.9,41.9,41.9,17200
VHM,2024-10-04 06:25:00,41.9,41.95,41.9,41.95,56000
VHM,2024-10-04 06:26:00,41.95,41.95,41.9,41.9,32200
VHM,2024-10-04 06:27:00,41.9,41.95,41.9,41.95,13700
VHM,2024-10-04 06:28:00,41.95,41.95,41.9,41.9,28300
VHM,2024-10-04 06:29:00,41.9,41.95,41.9,41.95,29100
VHM,2024-10-04 06:30:00,41.95,41.95,41.9,41.95,13300
VHM,2024-10-04 06:31:00,41.95,41.95,41.9,41.95,17600
VHM,2024-10-04 06:32:00,41.95,41.95,41.85,41.85,129600
VHM,2024-10-04 06:33:00,41.85,41.85,41.8,41.85,72600
VHM,2024-10-04 06:34:00,41.85,41.85,41.8,41.8,2200
VHM,2024-10-04 06:35:00,41.8,41.85,41.8,41.8,7600
VHM,2024-10-04 06:36:00,41.8,41.85,41.8,41.85,43300
VHM,2024-10-04 06:37:00,41.85,41.85,41.8,41.8,20300
VHM,2024-10-04 06:38:00,41.8,41.85,41.8,41.8,21000
VHM,2024-10-04 06:39:00,41.8,41.85,41.8,41.85,24800
VHM,2024-10-04 06:40:00,41.85,41.85,41.8,41.85,12400
VHM,2024-10-04 06:41:00,41.85,41.85,41.8,41.85,11000
VHM,2024-10-04 06:42:00,41.85,41.85,41.8,41.85,38200
VHM,2024-10-04 06:43:00,41.85,41.85,41.8,41.8,13100
VHM,2024-10-04 06:44:00,41.8,41.8,41.8,41.8,36100
VHM,2024-10-04 06:45:00,41.8,41.8,41.8,41.8,4900
VHM,2024-10-04 06:46:00,41.8,41.85,41.8,41.8,42400
VHM,2024-10-04 06:47:00,41.8,41.8,41.8,41.8,10700
VHM,2024-10-04 06:48:00,41.8,41.8,41.8,41.8,3300
VHM,2024-10-04 06:49:00,41.8,41.85,41.8,41.85,8500
VHM,2024-10-04 06:50:00,41.85,41.85,41.8,41.85,11100
VHM,2024-10-04 06:51:00,41.85,41.85,41.8,41.8,8000
VHM,2024-10-04 06:52:00,41.8,41.85,41.8,41.8,14200
VHM,2024-10-04 06:53:00,41.8,41.8,41.8,41.8,11100
VHM,2024-10-04 06:54:00,41.8,41.8,41.8,41.8,7400
VHM,2024-10-04 06:55:00,41.8,41.85,41.8,41.85,6200
VHM,2024-10-04 06:56:00,41.85,41.85,41.85,41.85,23100
VHM,2024-10-04 06:57:00,41.85,41.85,41.8,41.85,38000
VHM,2024-10-04 06:58:00,41.85,41.85,41.85,41.85,1000
VHM,2024-10-04 06:59:00,41.85,41.9,41.85,41.9,52000
VHM,2024-10-04 07:00:00,41.9,41.9,41.85,41.9,22500
VHM,2024-10-04 07:01:00,41.9,41.95,41.9,41.9,25300
VHM,2024-10-04 07:02:00,41.9,41.9,41.9,41.9,3200
VHM,2024-10-04 07:03:00,41.9,41.9,41.8,41.85,79300
VHM,2024-10-04 07:04:00,41.85,41.9,41.85,41.85,18300
VHM,2024-10-04 07:05:00,41.85,41.85,41.85,41.85,6100
VHM,2024-10-04 07:06:00,41.85,41.85,41.85,41.85,32000
VHM,2024-10-04 07:07:00,41.85,41.85,41.8,41.8,40600
VHM,2024-10-04 07:08:00,41.8,41.9,41.7,41.75,162600
VHM,2024-10-04 07:09:00,41.75,41.8,41.75,41.8,17600
VHM,2024-10-04 07:10:00,41.8,41.85,41.8,41.8,11000
VHM,2024-10-04 07:11:00,41.8,41.8,41.8,41.8,28900
VHM,2024-10-04 07:12:00,41.8,41.8,41.75,41.75,56200
VHM,2024-10-04 07:13:00,41.75,41.8,41.75,41.8,9500
VHM,2024-10-04 07:14:00,41.8,41.8,41.7,41.75,10700
VHM,2024-10-04 07:15:00,41.75,41.75,41.7,41.7,9200
VHM,2024-10-04 07:16:00,41.7,41.75,41.7,41.7,23800
VHM,2024-10-04 07:17:00,41.7,41.75,41.7,41.75,8200
VHM,2024-10-04 07:18:00,41.75,41.8,41.7,41.8,63200
VHM,2024-10-04 07:19:00,41.8,41.8,41.8,41.8,5400
VHM,2024-10-04 07:20:00,41.8,41.8,41.7,41.7,43800
VHM,2024-10-04 07:21:00,41.7,41.75,41.6,41.6,120300
VHM,2024-10-04 07:22:00,41.6,41.7,41.6,41.6,47600
VHM,2024-10-04 07:23:00,41.6,41.65,41.6,41.65,22400
VHM,2024-10-04 07:24:00,41.65,41.7,41.6,41.6,22500
VHM,2024-10-04 07:25:00,41.6,41.65,41.6,41.6,48400
VHM,2024-10-04 07:26:00,41.6,41.65,41.6,41.65,16800
VHM,2024-10-04 07:27:00,41.65,41.65,41.6,41.6,66700
VHM,2024-10-04 07:28:00,41.6,41.65,41.5,41.55,48700
VHM,2024-10-04 07:29:00,41.55,41.55,41.5,41.5,81900
VHM,2024-10-04 07:45:00,41.5,41.5,41.5,41.5,685000
VHM,2024-10-07 02:15:00,41.65,41.7,41.65,41.7,30400
VHM,2024-10-07 02:16:00,41.7,41.8,41.7,41.8,5700
VHM,2024-10-07 02:17:00,41.8,41.8,41.75,41.75,23000
VHM,2024-10-07 02:18:00,41.75,41.75,41.7,41.7,20200
VHM,2024-10-07 02:19:00,41.7,41.75,41.7,41.7,33800
VHM,2024-10-07 02:20:00,41.7,41.7,41.7,41.7,26500
VHM,2024-10-07 02:21:00,41.7,41.75,41.7,41.7,26200
VHM,2024-10-07 02:22:00,41.7,41.75,41.7,41.7,50100
VHM,2024-10-07 02:23:00,41.7,41.7,41.65,41.65,30300
VHM,2024-10-07 02:24:00,41.65,41.7,41.6,41.65,14900
VHM,2024-10-07 02:25:00,41.65,41.65,41.5,41.55,23400
VHM,2024-10-07 02:26:00,41.55,41.55,41.5,41.5,5600
VHM,2024-10-07 02:27:00,41.5,41.55,41.5,41.55,5000
VHM,2024-10-07 02:28:00,41.55,41.55,41.5,41.5,10100
VHM,2024-10-07 02:29:00,41.5,41.55,41.5,41.5,37000
VHM,2024-10-07 02:30:00,41.5,41.55,41.5,41.55,24200
VHM,2024-10-07 02:31:00,41.55,41.55,41.5,41.55,3100
VHM,2024-10-07 02:32:00,41.55,41.55,41.55,41.55,20500
VHM,2024-10-07 02:33:00,41.55,41.55,41.5,41.55,65200
VHM,2024-10-07 02:34:00,41.55,41.55,41.5,41.55,4100
VHM,2024-10-07 02:35:00,41.55,41.55,41.5,41.55,5400
VHM,2024-10-07 02:36:00,41.55,41.6,41.55,41.6,12400
VHM,2024-10-07 02:37:00,41.6,41.6,41.55,41.6,300
VHM,2024-10-07 02:38:00,41.6,41.6,41.55,41.6,4800
VHM,2024-10-07 02:39:00,41.6,41.6,41.55,41.55,1900
VHM,2024-10-07 02:40:00,41.55,41.6,41.55,41.55,9700
VHM,2024-10-07 02:41:00,41.55,41.55,41.55,41.55,5200
VHM,2024-10-07 02:42:00,41.55,41.55,41.55,41.55,53700
VHM,2024-10-07 02:43:00,41.55,41.55,41.5,41.5,85300
VHM,2024-10-07 02:44:00,41.5,41.5,41.4,41.45,28900
VHM,2024-10-07 02:45:00,41.45,41.45,41.4,41.4,3900
VHM,2024-10-07 02:46:00,41.4,41.45,41.4,41.45,18400
VHM,2024-10-07 02:47:00,41.45,41.45,41.4,41.4,33300
VHM,2024-10-07 02:48:00,41.4,41.45,41.4,41.45,15900
VHM,2024-10-07 02:49:00,41.45,41.45,41.45,41.45,700
VHM,2024-10-07 02:50:00,41.45,41.45,41.4,41.4,400
VHM,2024-10-07 02:51:00,41.4,41.45,41.35,41.35,80600
VHM,2024-10-07 02:52:00,41.35,41.4,41.35,41.35,77700
VHM,2024-10-07 02:53:00,41.35,41.35,41.3,41.3,119500
VHM,2024-10-07 02:54:00,41.3,41.3,41.25,41.25,112800
VHM,2024-10-07 02:55:00,41.25,41.25,41.2,41.2,76800
VHM,2024-10-07 02:56:00,41.2,41.3,41.2,41.3,43600
VHM,2024-10-07 02:57:00,41.3,41.45,41.2,41.45,31600
VHM,2024-10-07 02:58:00,41.45,41.45,41.4,41.4,5100
VHM,2024-10-07 02:59:00,41.4,41.4,41.3,41.3,12500
VHM,2024-10-07 03:00:00,41.3,41.4,41.3,41.4,2600
VHM,2024-10-07 03:01:00,41.4,41.4,41.35,41.35,300
VHM,2024-10-07 03:02:00,41.35,41.4,41.35,41.4,2100
VHM,2024-10-07 03:03:00,41.4,41.4,41.4,41.4,16300
VHM,2024-10-07 03:04:00,41.4,41.4,41.4,41.4,8100
VHM,2024-10-07 03:05:00,41.4,41.4,41.35,41.35,4200
VHM,2024-10-07 03:07:00,41.35,41.4,41.35,41.4,22800
VHM,2024-10-07 03:08:00,41.4,41.4,41.35,41.35,6200
VHM,2024-10-07 03:09:00,41.35,41.35,41.35,41.35,16700
VHM,2024-10-07 03:10:00,41.35,41.35,41.3,41.35,5700
VHM,2024-10-07 03:11:00,41.35,41.35,41.3,41.3,10800
VHM,2024-10-07 03:12:00,41.3,41.35,41.3,41.35,37300
VHM,2024-10-07 03:13:00,41.35,41.35,41.35,41.35,4400
VHM,2024-10-07 03:15:00,41.35,41.35,41.3,41.3,11400
VHM,2024-10-07 03:16:00,41.3,41.4,41.3,41.4,500
VHM,2024-10-07 03:17:00,41.4,41.4,41.35,41.35,1700
VHM,2024-10-07 03:18:00,41.35,41.35,41.35,41.35,1400
VHM,2024-10-07 03:19:00,41.35,41.35,41.35,41.35,11300
VHM,2024-10-07 03:20:00,41.35,41.35,41.3,41.35,28400
VHM,2024-10-07 03:21:00,41.35,41.35,41.35,41.35,13200
VHM,2024-10-07 03:22:00,41.35,41.35,41.3,41.3,300
VHM,2024-10-07 03:23:00,41.3,41.35,41.3,41.35,11300
VHM,2024-10-07 03:24:00,41.35,41.35,41.35,41.35,20700
VHM,2024-10-07 03:25:00,41.35,41.35,41.35,41.35,6200
VHM,2024-10-07 03:26:00,41.35,41.4,41.35,41.35,17700
VHM,2024-10-07 03:27:00,41.35,41.35,41.35,41.35,9700
VHM,2024-10-07 03:28:00,41.35,41.35,41.35,41.35,14500
VHM,2024-10-07 03:30:00,41.35,41.35,41.35,41.35,4000
VHM,2024-10-07 03:31:00,41.35,41.4,41.35,41.4,33700
VHM,2024-10-07 03:32:00,41.4,41.4,41.4,41.4,19000
VHM,2024-10-07 03:33:00,41.4,41.4,41.4,41.4,100
VHM,2024-10-07 03:35:00,41.4,41.4,41.4,41.4,3700
VHM,2024-10-07 03:37:00,41.4,41.45,41.4,41.45,17400
VHM,2024-10-07 03:38:00,41.45,41.45,41.4,41.45,16100
VHM,2024-10-07 03:39:00,41.45,41.45,41.4,41.45,1500
VHM,2024-10-07 03:41:00,41.45,41.45,41.45,41.45,500
VHM,2024-10-07 03:42:00,41.45,41.45,41.4,41.4,1500
VHM,2024-10-07 03:43:00,41.4,41.4,41.4,41.4,7600
VHM,2024-10-07 03:44:00,41.4,41.4,41.4,41.4,800
VHM,2024-10-07 03:45:00,41.4,41.4,41.4,41.4,15100
VHM,2024-10-07 03:46:00,41.4,41.45,41.4,41.45,1000
VHM,2024-10-07 03:47:00,41.45,41.45,41.45,41.45,20500
VHM,2024-10-07 03:48:00,41.45,41.45,41.45,41.45,4500
VHM,2024-10-07 03:49:00,41.45,41.45,41.4,41.4,8200
VHM,2024-10-07 03:50:00,41.4,41.4,41.4,41.4,12000
VHM,2024-10-07 03:52:00,41.4,41.4,41.4,41.4,1200
VHM,2024-10-07 03:53:00,41.4,41.45,41.4,41.45,3300
VHM,2024-10-07 03:54:00,41.45,41.45,41.45,41.45,200
VHM,2024-10-07 03:55:00,41.45,41.45,41.45,41.45,200
VHM,2024-10-07 03:56:00,41.45,41.45,41.45,41.45,33100
VHM,2024-10-07 03:58:00,41.45,41.45,41.45,41.45,2000
VHM,2024-10-07 03:59:00,41.45,41.45,41.45,41.45,500
VHM,2024-10-07 04:00:00,41.45,41.5,41.45,41.45,2100
VHM,2024-10-07 04:01:00,41.45,41.5,41.45,41.5,4900
VHM,2024-10-07 04:02:00,41.5,41.5,41.45,41.45,5200
VHM,2024-10-07 04:03:00,41.45,41.5,41.45,41.5,19200
VHM,2024-10-07 04:04:00,41.5,41.5,41.5,41.5,28100
VHM,2024-10-07 04:05:00,41.5,41.55,41.5,41.55,14200
VHM,2024-10-07 04:06:00,41.55,41.55,41.55,41.55,8500
VHM,2024-10-07 04:07:00,41.55,41.55,41.55,41.55,10000
VHM,2024-10-07 04:08:00,41.55,41.6,41.55,41.6,15600
VHM,2024-10-07 04:09:00,41.6,41.6,41.6,41.6,15200
VHM,2024-10-07 04:10:00,41.6,41.6,41.55,41.6,9600
VHM,2024-10-07 04:11:00,41.6,41.6,41.6,41.6,11000
VHM,2024-10-07 04:12:00,41.6,41.6,41.6,41.6,25400
VHM,2024-10-07 04:13:00,41.6,41.65,41.6,41.65,2700
VHM,2024-10-07 04:14:00,41.65,41.65,41.6,41.6,3100
VHM,2024-10-07 04:15:00,41.6,41.65,41.6,41.65,1000
VHM,2024-10-07 04:16:00,41.65,41.7,41.65,41.7,29700
VHM,2024-10-07 04:17:00,41.7,41.7,41.65,41.7,24400
VHM,2024-10-07 04:18:00,41.7,41.7,41.7,41.7,22000
VHM,2024-10-07 04:19:00,41.7,41.7,41.7,41.7,13700
VHM,2024-10-07 04:20:00,41.7,41.7,41.65,41.65,14100
VHM,2024-10-07 04:21:00,41.65,41.7,41.65,41.65,15900
VHM,2024-10-07 04:22:00,41.65,41.65,41.6,41.6,400
VHM,2024-10-07 04:23:00,41.6,41.65,41.6,41.65,11200
VHM,2024-10-07 04:24:00,41.65,41.65,41.65,41.65,5300
VHM,2024-10-07 04:25:00,41.65,41.7,41.65,41.65,10500
VHM,2024-10-07 04:26:00,41.65,41.7,41.65,41.7,6300
VHM,2024-10-07 04:27:00,41.7,41.7,41.65,41.65,46700
VHM,2024-10-07 04:28:00,41.65,41.7,41.65,41.65,5600
VHM,2024-10-07 04:29:00,41.65,41.7,41.65,41.65,15400
VHM,2024-10-07 06:00:00,41.65,41.7,41.65,41.65,42100
VHM,2024-10-07 06:01:00,41.65,41.7,41.65,41.65,2200
VHM,2024-10-07 06:02:00,41.65,41.7,41.65,41.65,9500
VHM,2024-10-07 06:03:00,41.65,41.65,41.6,41.6,29000
VHM,2024-10-07 06:04:00,41.6,41.6,41.6,41.6,10100
VHM,2024-10-07 06:05:00,41.6,41.6,41.6,41.6,11900
VHM,2024-10-07 06:06:00,41.6,41.65,41.6,41.6,3100
VHM,2024-10-07 06:07:00,41.6,41.65,41.6,41.6,1800
VHM,2024-10-07 06:08:00,41.6,41.6,41.6,41.6,900
VHM,2024-10-07 06:09:00,41.6,41.6,41.6,41.6,2400
VHM,2024-10-07 06:10:00,41.6,41.6,41.6,41.6,1800
VHM,2024-10-07 06:11:00,41.6,41.65,41.6,41.6,35400
VHM,2024-10-07 06:12:00,41.6,41.65,41.6,41.6,44700
VHM,2024-10-07 06:13:00,41.6,41.6,41.6,41.6,15700
VHM,2024-10-07 06:14:00,41.6,41.6,41.55,41.55,10100
VHM,2024-10-07 06:15:00,41.55,41.55,41.55,41.55,28200
VHM,2024-10-07 06:16:00,41.55,41.55,41.55,41.55,1000
VHM,2024-10-07 06:17:00,41.55,41.55,41.55,41.55,6400
VHM,2024-10-07 06:18:00,41.55,41.55,41.55,41.55,3300
VHM,2024-10-07 06:19:00,41.55,41.55,41.5,41.5,17900
VHM,2024-10-07 06:20:00,41.5,41.5,41.5,41.5,3500
VHM,2024-10-07 06:21:00,41.5,41.55,41.5,41.55,14900
VHM,2024-10-07 06:22:00,41.55,41.55,41.5,41.5,1000
VHM,2024-10-07 06:23:00,41.5,41.5,41.5,41.5,21200
VHM,2024-10-07 06:24:00,41.5,41.5,41.5,41.5,19100
VHM,2024-10-07 06:25:00,41.5,41.55,41.5,41.5,4800
VHM,2024-10-07 06:26:00,41.5,41.5,41.5,41.5,3100
VHM,2024-10-07 06:27:00,41.5,41.5,41.5,41.5,8200
VHM,2024-10-07 06:28:00,41.5,41.5,41.5,41.5,13300
VHM,2024-10-07 06:29:00,41.5,41.55,41.5,41.5,61500
VHM,2024-10-07 06:30:00,41.5,41.5,41.5,41.5,2400
VHM,2024-10-07 06:31:00,41.5,41.5,41.45,41.45,15000
VHM,2024-10-07 06:32:00,41.45,41.45,41.45,41.45,23400
VHM,2024-10-07 06:33:00,41.45,41.45,41.45,41.45,1800
VHM,2024-10-07 06:34:00,41.45,41.45,41.45,41.45,8200
VHM,2024-10-07 06:35:00,41.45,41.45,41.45,41.45,1300
VHM,2024-10-07 06:36:00,41.45,41.45,41.4,41.4,3100
VHM,2024-10-07 06:37:00,41.4,41.4,41.4,41.4,32300
VHM,2024-10-07 06:38:00,41.4,41.4,41.4,41.4,24900
VHM,2024-10-07 06:39:00,41.4,41.4,41.35,41.35,19000
VHM,2024-10-07 06:40:00,41.35,41.35,41.35,41.35,18400
VHM,2024-10-07 06:41:00,41.35,41.35,41.3,41.3,70300
VHM,2024-10-07 06:42:00,41.3,41.35,41.3,41.3,14700
VHM,2024-10-07 06:43:00,41.3,41.3,41.3,41.3,12600
VHM,2024-10-07 06:44:00,41.3,41.35,41.3,41.35,27600
VHM,2024-10-07 06:45:00,41.35,41.35,41.3,41.3,51400
VHM,2024-10-07 06:46:00,41.3,41.3,41.25,41.25,39100
VHM,2024-10-07 06:47:00,41.25,41.3,41.25,41.25,14800
VHM,2024-10-07 06:48:00,41.25,41.3,41.25,41.25,73700
VHM,2024-10-07 06:49:00,41.25,41.3,41.25,41.25,16500
VHM,2024-10-07 06:50:00,41.25,41.3,41.2,41.25,75500
VHM,2024-10-07 06:51:00,41.25,41.3,41.2,41.3,302400
VHM,2024-10-07 06:52:00,41.3,41.3,41.25,41.25,9300
VHM,2024-10-07 06:53:00,41.25,41.3,41.25,41.3,27000
VHM,2024-10-07 06:54:00,41.3,41.3,41.25,41.3,70500
VHM,2024-10-07 06:55:00,41.3,41.3,41.25,41.3,9400
VHM,2024-10-07 06:56:00,41.3,41.3,41.25,41.3,19400
VHM,2024-10-07 06:57:00,41.3,41.35,41.25,41.25,33700
VHM,2024-10-07 06:58:00,41.25,41.3,41.25,41.25,19500
VHM,2024-10-07 06:59:00,41.25,41.3,41.25,41.3,52800
VHM,2024-10-07 07:00:00,41.3,41.35,41.25,41.3,54600
VHM,2024-10-07 07:01:00,41.3,41.3,41.25,41.3,39800
VHM,2024-10-07 07:02:00,41.3,41.3,41.25,41.25,9200
VHM,2024-10-07 07:03:00,41.25,41.25,41.25,41.25,3300
VHM,2024-10-07 07:04:00,41.25,41.3,41.25,41.25,18300
VHM,2024-10-07 07:05:00,41.25,41.3,41.25,41.25,27000
VHM,2024-10-07 07:06:00,41.25,41.3,41.25,41.3,35700
VHM,2024-10-07 07:07:00,41.3,41.3,41.25,41.3,41300
VHM,2024-10-07 07:08:00,41.3,41.3,41.3,41.3,200
VHM,2024-10-07 07:09:00,41.3,41.3,41.3,41.3,32500
VHM,2024-10-07 07:10:00,41.3,41.3,41.25,41.25,96200
VHM,2024-10-07 07:11:00,41.25,41.25,41.2,41.2,13900
VHM,2024-10-07 07:12:00,41.2,41.25,41.2,41.2,108700
VHM,2024-10-07 07:13:00,41.2,41.25,41.2,41.2,31400
VHM,2024-10-07 07:14:00,41.2,41.2,41.15,41.2,204800
VHM,2024-10-07 07:15:00,41.2,41.2,41.1,41.15,3900
VHM,2024-10-07 07:16:00,41.15,41.15,41.05,41.1,213000
VHM,2024-10-07 07:17:00,41.1,41.1,41.0,41.05,231100
VHM,2024-10-07 07:18:00,41.05,41.05,40.9,41.0,438400
VHM,2024-10-07 07:19:00,41.0,41.05,41.0,41.05,64200
VHM,2024-10-07 07:20:00,41.05,41.05,41.0,41.05,41800
VHM,2024-10-07 07:21:00,41.05,41.1,41.05,41.1,53700
VHM,2024-10-07 07:22:00,41.1,41.1,41.05,41.1,23100
VHM,2024-10-07 07:23:00,41.1,41.15,41.1,41.15,92600
VHM,2024-10-07 07:24:00,41.15,41.15,41.1,41.1,21200
VHM,2024-10-07 07:25:00,41.1,41.2,41.1,41.15,70100
VHM,2024-10-07 07:26:00,41.15,41.2,41.15,41.15,44300
VHM,2024-10-07 07:27:00,41.15,41.2,41.15,41.15,61800
VHM,2024-10-07 07:28:00,41.15,41.2,41.15,41.15,41700
VHM,2024-10-07 07:29:00,41.15,41.2,41.0,41.2,134400
VHM,2024-10-07 07:45:00,41.2,41.2,41.2,41.2,1263600
VHM,2024-10-08 02:15:00,41.45,41.45,41.4,41.45,86300
VHM,2024-10-08 02:16:00,41.45,41.45,41.35,41.35,10100
VHM,2024-10-08 02:17:00,41.35,41.35,41.3,41.3,8600
VHM,2024-10-08 02:18:00,41.3,41.3,41.3,41.3,23300
VHM,2024-10-08 02:19:00,41.3,41.3,41.25,41.25,18600
VHM,2024-10-08 02:20:00,41.25,41.3,41.25,41.25,7700
VHM,2024-10-08 02:21:00,41.25,41.3,41.25,41.3,39500
VHM,2024-10-08 02:22:00,41.3,41.35,41.3,41.3,3000
VHM,2024-10-08 02:23:00,41.3,41.3,41.25,41.25,6700
VHM,2024-10-08 02:24:00,41.25,41.3,41.25,41.3,29200
VHM,2024-10-08 02:25:00,41.3,41.3,41.3,41.3,20200
VHM,2024-10-08 02:26:00,41.3,41.3,41.3,41.3,12000
VHM,2024-10-08 02:27:00,41.3,41.3,41.25,41.25,15200
VHM,2024-10-08 02:28:00,41.25,41.3,41.25,41.3,31000
VHM,2024-10-08 02:29:00,41.3,41.3,41.3,41.3,11500
VHM,2024-10-08 02:30:00,41.3,41.35,41.3,41.3,41700
VHM,2024-10-08 02:31:00,41.3,41.35,41.3,41.35,21100
VHM,2024-10-08 02:32:00,41.35,41.35,41.25,41.3,70900
VHM,2024-10-08 02:33:00,41.3,41.35,41.3,41.35,9600
VHM,2024-10-08 02:34:00,41.35,41.35,41.35,41.35,5000
VHM,2024-10-08 02:35:00,41.35,41.35,41.3,41.35,46000
VHM,2024-10-08 02:36:00,41.35,41.35,41.25,41.35,50900
VHM,2024-10-08 02:37:00,41.35,41.35,41.25,41.25,36900
VHM,2024-10-08 02:38:00,41.25,41.25,41.15,41.2,32900
VHM,2024-10-08 02:39:00,41.2,41.2,41.15,41.2,2300
VHM,2024-10-08 02:40:00,41.2,41.2,41.15,41.15,12700
VHM,2024-10-08 02:41:00,41.15,41.2,41.15,41.15,20400
VHM,2024-10-08 02:42:00,41.15,41.15,41.15,41.15,21000
VHM,2024-10-08 02:43:00,41.15,41.15,41.05,41.1,44400
VHM,2024-10-08 02:44:00,41.1,41.1,41.05,41.05,39400
VHM,2024-10-08 02:45:00,41.05,41.05,41.0,41.05,18100
VHM,2024-10-08 02:46:00,41.05,41.1,41.0,41.05,43100
VHM,2024-10-08 02:47:00,41.05,41.1,41.0,41.0,76500
VHM,2024-10-08 02:48:00,41.0,41.05,41.0,41.05,35800
VHM,2024-10-08 02:49:00,41.05,41.05,41.0,41.0,46200
VHM,2024-10-08 02:50:00,41.0,41.05,41.0,41.05,56000
VHM,2024-10-08 02:51:00,41.05,41.05,41.05,41.05,20000
VHM,2024-10-08 02:52:00,41.05,41.1,41.0,41.05,138200
VHM,2024-10-08 02:53:00,41.05,41.1,41.05,41.1,49700
VHM,2024-10-08 02:54:00,41.1,41.1,41.05,41.1,16800
VHM,2024-10-08 02:55:00,41.1,41.1,41.05,41.1,47000
VHM,2024-10-08 02:56:00,41.1,41.1,41.05,41.05,5400
VHM,2024-10-08 02:57:00,41.05,41.1,41.05,41.1,400
VHM,2024-10-08 02:58:00,41.1,41.1,41.05,41.05,11000
VHM,2024-10-08 02:59:00,41.05,41.1,41.05,41.1,5900
VHM,2024-10-08 03:00:00,41.1,41.1,41.05,41.05,25400
VHM,2024-10-08 03:01:00,41.05,41.05,41.05,41.05,16400
VHM,2024-10-08 03:02:00,41.05,41.05,41.0,41.05,2500
VHM,2024-10-08 03:03:00,41.05,41.05,41.0,41.0,7600
VHM,2024-10-08 03:04:00,41.0,41.05,41.0,41.0,107400
VHM,2024-10-08 03:05:00,41.0,41.0,40.95,41.0,48600
VHM,2024-10-08 03:06:00,41.0,41.0,40.95,41.0,8700
VHM,2024-10-08 03:07:00,41.0,41.0,40.95,40.95,6400
VHM,2024-10-08 03:08:00,40.95,40.95,40.95,40.95,120000
VHM,2024-10-08 03:09:00,40.95,40.95,40.9,40.9,118300
VHM,2024-10-08 03:10:00,40.9,40.95,40.9,40.9,17200
VHM,2024-10-08 03:11:00,40.9,40.95,40.9,40.9,78600
VHM,2024-10-08 03:12:00,40.9,40.95,40.9,40.9,152200
VHM,2024-10-08 03:13:00,40.9,40.9,40.85,40.85,9400
VHM,2024-10-08 03:14:00,40.85,40.9,40.85,40.85,129500
VHM,2024-10-08 03:15:00,40.85,40.9,40.8,40.85,172600
VHM,2024-10-08 03:16:00,40.85,40.9,40.85,40.85,19900
VHM,2024-10-08 03:17:00,40.85,40.9,40.85,40.9,27800
VHM,2024-10-08 03:18:00,40.9,40.9,40.85,40.9,10000
VHM,2024-10-08 03:19:00,40.9,40.9,40.85,40.9,7300
VHM,2024-10-08 03:20:00,40.9,40.9,40.9,40.9,20900
VHM,2024-10-08 03:21:00,40.9,40.95,40.9,40.95,3400
VHM,2024-10-08 03:22:00,40.95,40.95,40.9,40.9,16100
VHM,2024-10-08 03:23:00,40.9,40.9,40.85,40.85,71000
VHM,2024-10-08 03:24:00,40.85,40.85,40.85,40.85,17500
VHM,2024-10-08 03:25:00,40.85,40.85,40.85,40.85,32000
VHM,2024-10-08 03:26:00,40.85,40.85,40.85,40.85,9600
VHM,2024-10-08 03:27:00,40.85,40.85,40.85,40.85,18400
VHM,2024-10-08 03:28:00,40.85,40.85,40.85,40.85,4600
VHM,2024-10-08 03:29:00,40.85,40.85,40.85,40.85,17700
VHM,2024-10-08 03:30:00,40.85,40.85,40.85,40.85,2100
VHM,2024-10-08 03:31:00,40.85,40.85,40.85,40.85,2600
VHM,2024-10-08 03:32:00,40.85,40.85,40.8,40.8,2300
VHM,2024-10-08 03:33:00,40.8,40.8,40.8,40.8,16700
VHM,2024-10-08 03:34:00,40.8,40.85,40.8,40.8,3700
VHM,2024-10-08 03:35:00,40.8,40.85,40.75,40.75,263200
VHM,2024-10-08 03:36:00,40.75,40.8,40.7,40.7,121300
VHM,2024-10-08 03:37:00,40.7,40.75,40.7,40.75,49800
VHM,2024-10-08 03:38:00,40.75,40.75,40.75,40.75,72200
VHM,2024-10-08 03:39:00,40.75,40.75,40.7,40.7,257300
VHM,2024-10-08 03:40:00,40.7,40.7,40.7,40.7,21800
VHM,2024-10-08 03:41:00,40.7,40.75,40.7,40.75,51700
VHM,2024-10-08 03:42:00,40.75,41.0,40.7,41.0,408400
VHM,2024-10-08 03:43:00,41.0,41.0,40.95,41.0,4200
VHM,2024-10-08 03:44:00,41.0,41.0,40.9,40.9,6000
VHM,2024-10-08 03:45:00,40.9,40.9,40.9,40.9,7200
VHM,2024-10-08 03:46:00,40.9,40.95,40.9,40.95,15100
VHM,2024-10-08 03:47:00,40.95,40.95,40.95,40.95,5200
VHM,2024-10-08 03:48:00,40.95,40.95,40.95,40.95,14000
VHM,2024-10-08 03:49:00,40.95,40.95,40.95,40.95,900
VHM,2024-10-08 03:50:00,40.95,40.95,40.95,40.95,700
VHM,2024-10-08 03:51:00,40.95,40.95,40.9,40.95,500
VHM,2024-10-08 03:52:00,40.95,40.95,40.9,40.9,600
VHM,2024-10-08 03:53:00,40.9,40.9,40.9,40.9,7800
VHM,2024-10-08 03:54:00,40.9,40.9,40.9,40.9,900
VHM,2024-10-08 03:55:00,40.9,40.9,40.9,40.9,6700
VHM,2024-10-08 03:56:00,40.9,40.9,40.9,40.9,11100
VHM,2024-10-08 03:57:00,40.9,40.9,40.85,40.85,17000
VHM,2024-10-08 03:58:00,40.85,40.85,40.85,40.85,15100
VHM,2024-10-08 04:00:00,40.85,40.85,40.8,40.8,23300
VHM,2024-10-08 04:01:00,40.8,40.85,40.8,40.8,500
VHM,2024-10-08 04:02:00,40.8,40.85,40.8,40.85,800
VHM,2024-10-08 04:03:00,40.85,40.85,40.85,40.85,7200
VHM,2024-10-08 04:04:00,40.85,40.85,40.85,40.85,800
VHM,2024-10-08 04:05:00,40.85,40.9,40.85,40.85,8600
VHM,2024-10-08 04:06:00,40.85,40.9,40.85,40.85,300
VHM,2024-10-08 04:07:00,40.85,40.9,40.85,40.9,1000
VHM,2024-10-08 04:08:00,40.9,40.9,40.9,40.9,17100
VHM,2024-10-08 04:09:00,40.9,40.9,40.9,40.9,3600
VHM,2024-10-08 04:10:00,40.9,40.95,40.9,40.95,54100
VHM,2024-10-08 04:11:00,40.95,40.95,40.9,40.9,2000
VHM,2024-10-08 04:12:00,40.9,40.95,40.9,40.9,1700
VHM,2024-10-08 04:13:00,40.9,40.95,40.9,40.95,11700
VHM,2024-10-08 04:14:00,40.95,40.95,40.95,40.95,29300
VHM,2024-10-08 04:15:00,40.95,40.95,40.95,40.95,14100
VHM,2024-10-08 04:16:00,40.95,40.95,40.9,40.9,17500
VHM,2024-10-08 04:17:00,40.9,40.9,40.85,40.9,300
VHM,2024-10-08 04:18:00,40.9,40.9,40.9,40.9,23800
VHM,2024-10-08 04:19:00,40.9,40.9,40.9,40.9,4400
VHM,2024-10-08 04:20:00,40.9,40.9,40.9,40.9,500
VHM,2024-10-08 04:21:00,40.9,40.9,40.9,40.9,33800
VHM,2024-10-08 04:22:00,40.9,40.9,40.9,40.9,1800
VHM,2024-10-08 04:24:00,40.9,40.9,40.9,40.9,400
VHM,2024-10-08 04:25:00,40.9,40.9,40.85,40.9,300
VHM,2024-10-08 04:27:00,40.9,40.9,40.85,40.85,20800
VHM,2024-10-08 04:28:00,40.85,40.85,40.85,40.85,38700
VHM,2024-10-08 04:29:00,40.85,40.85,40.8,40.8,10500
VHM,2024-10-08 06:00:00,40.8,40.85,40.8,40.85,37600
VHM,2024-10-08 06:01:00,40.85,40.85,40.85,40.85,2000
VHM,2024-10-08 06:02:00,40.85,40.85,40.8,40.8,100
VHM,2024-10-08 06:03:00,40.8,40.85,40.8,40.85,2500
VHM,2024-10-08 06:04:00,40.85,40.85,40.8,40.8,1200
VHM,2024-10-08 06:05:00,40.8,40.8,40.8,40.8,4500
VHM,2024-10-08 06:06:00,40.8,40.85,40.8,40.8,109300
VHM,2024-10-08 06:07:00,40.8,40.8,40.8,40.8,19300
VHM,2024-10-08 06:08:00,40.8,40.85,40.75,40.8,31700
VHM,2024-10-08 06:09:00,40.8,40.85,40.8,40.85,13900
VHM,2024-10-08 06:10:00,40.85,40.85,40.8,40.8,57000
VHM,2024-10-08 06:11:00,40.8,40.8,40.8,40.8,4000
VHM,2024-10-08 06:12:00,40.8,40.8,40.75,40.75,1500
VHM,2024-10-08 06:13:00,40.75,40.8,40.75,40.8,52100
VHM,2024-10-08 06:14:00,40.8,40.8,40.7,40.75,13600
VHM,2024-10-08 06:15:00,40.75,40.75,40.7,40.75,31000
VHM,2024-10-08 06:16:00,40.75,40.75,40.75,40.75,16800
VHM,2024-10-08 06:17:00,40.75,40.75,40.7,40.75,29100
VHM,2024-10-08 06:18:00,40.75,40.75,40.75,40.75,5500
VHM,2024-10-08 06:19:00,40.75,40.75,40.7,40.75,45600
VHM,2024-10-08 06:20:00,40.75,40.75,40.75,40.75,28100
VHM,2024-10-08 06:21:00,40.75,40.75,40.75,40.75,55400
VHM,2024-10-08 06:22:00,40.75,40.75,40.75,40.75,39000
VHM,2024-10-08 06:23:00,40.75,40.75,40.7,40.75,28400
VHM,2024-10-08 06:24:00,40.75,40.8,40.7,40.8,37700
VHM,2024-10-08 06:25:00,40.8,40.8,40.75,40.8,53700
VHM,2024-10-08 06:26:00,40.8,40.85,40.8,40.85,67100
VHM,2024-10-08 06:27:00,40.85,40.85,40.8,40.8,6600
VHM,2024-10-08 06:28:00,40.8,40.85,40.8,40.85,46600
VHM,2024-10-08 06:29:00,40.85,40.9,40.8,40.9,46600
VHM,2024-10-08 06:30:00,40.9,40.9,40.85,40.9,17800
VHM,2024-10-08 06:31:00,40.9,40.9,40.85,40.9,16200
VHM,2024-10-08 06:32:00,40.9,40.9,40.9,40.9,22500
VHM,2024-10-08 06:33:00,40.9,40.9,40.85,40.9,18700
VHM,2024-10-08 06:34:00,40.9,40.95,40.9,40.95,7900
VHM,2024-10-08 06:35:00,40.95,40.95,40.95,40.95,8300
VHM,2024-10-08 06:36:00,40.95,40.95,40.95,40.95,28600
VHM,2024-10-08 06:37:00,40.95,40.95,40.95,40.95,2200
VHM,2024-10-08 06:38:00,40.95,40.95,40.9,40.9,1800
VHM,2024-10-08 06:39:00,40.9,40.9,40.9,40.9,34500
VHM,2024-10-08 06:40:00,40.9,40.9,40.85,40.9,3700
VHM,2024-10-08 06:41:00,40.9,40.9,40.85,40.9,11100
VHM,2024-10-08 06:42:00,40.9,40.9,40.85,40.85,7900
VHM,2024-10-08 06:43:00,40.85,40.9,40.85,40.9,2300
VHM,2024-10-08 06:44:00,40.9,40.9,40.85,40.9,11500
VHM,2024-10-08 06:45:00,40.9,40.9,40.85,40.9,114000
VHM,2024-10-08 06:46:00,40.9,40.95,40.9,40.9,22700
VHM,2024-10-08 06:47:00,40.9,40.95,40.9,40.95,7800
VHM,2024-10-08 06:48:00,40.95,40.95,40.9,40.9,2300
VHM,2024-10-08 06:49:00,40.9,40.95,40.9,40.95,23800
VHM,2024-10-08 06:50:00,40.95,41.0,40.95,41.0,114800
VHM,2024-10-08 06:51:00,41.0,41.1,41.0,41.1,69000
VHM,2024-10-08 06:52:00,41.1,41.1,41.05,41.1,30500
VHM,2024-10-08 06:53:00,41.1,41.2,41.1,41.2,79600
VHM,2024-10-08 06:54:00,41.2,41.25,41.2,41.2,7700
VHM,2024-10-08 06:55:00,41.2,41.25,41.1,41.1,60000
VHM,2024-10-08 06:56:00,41.1,41.2,41.1,41.2,69400
VHM,2024-10-08 06:57:00,41.2,41.2,41.15,41.15,15300
VHM,2024-10-08 06:58:00,41.15,41.2,41.1,41.1,76400
VHM,2024-10-08 06:59:00,41.1,41.2,41.0,41.05,104400
VHM,2024-10-08 07:00:00,41.05,41.15,41.05,41.15,15200
VHM,2024-10-08 07:01:00,41.15,41.15,41.15,41.15,25000
VHM,2024-10-08 07:02:00,41.15,41.15,41.05,41.1,14500
VHM,2024-10-08 07:03:00,41.1,41.2,41.1,41.1,131900
VHM,2024-10-08 07:04:00,41.1,41.2,41.05,41.05,110600
VHM,2024-10-08 07:05:00,41.05,41.1,41.05,41.1,500
VHM,2024-10-08 07:06:00,41.1,41.2,41.1,41.15,75200
VHM,2024-10-08 07:07:00,41.15,41.25,41.15,41.2,27600
VHM,2024-10-08 07:08:00,41.2,41.25,41.2,41.25,15600
VHM,2024-10-08 07:09:00,41.25,41.3,41.2,41.25,38600
VHM,2024-10-08 07:10:00,41.25,41.4,41.25,41.3,106000
VHM,2024-10-08 07:11:00,41.3,41.4,41.3,41.4,117800
VHM,2024-10-08 07:12:00,41.4,41.5,41.4,41.45,117000
VHM,2024-10-08 07:13:00,41.45,41.5,41.45,41.5,48400
VHM,2024-10-08 07:14:00,41.5,41.5,41.4,41.4,91100
VHM,2024-10-08 07:15:00,41.4,41.4,41.25,41.25,45600
VHM,2024-10-08 07:16:00,41.25,41.3,41.25,41.3,23200
VHM,2024-10-08 07:17:00,41.3,41.4,41.25,41.25,98800
VHM,2024-10-08 07:18:00,41.25,41.4,41.25,41.3,21500
VHM,2024-10-08 07:19:00,41.3,41.4,41.3,41.4,16000
VHM,2024-10-08 07:20:00,41.4,41.4,41.3,41.35,8600
VHM,2024-10-08 07:21:00,41.35,41.4,41.35,41.35,15300
VHM,2024-10-08 07:22:00,41.35,41.35,41.35,41.35,1200
VHM,2024-10-08 07:23:00,41.35,41.35,41.3,41.3,31400
VHM,2024-10-08 07:24:00,41.3,41.3,41.3,41.3,9900
VHM,2024-10-08 07:25:00,41.3,41.3,41.25,41.25,28900
VHM,2024-10-08 07:26:00,41.25,41.3,41.25,41.25,12600
VHM,2024-10-08 07:27:00,41.25,41.3,41.2,41.2,116100
VHM,2024-10-08 07:28:00,41.2,41.25,41.2,41.25,90900
VHM,2024-10-08 07:29:00,41.25,41.6,41.2,41.6,29800
VHM,2024-10-08 07:45:00,41.6,41.6,41.6,41.6,856200
VHM,2024-10-09 02:15:00,41.65,41.7,41.65,41.65,49600
VHM,2024-10-09 02:16:00,41.65,41.65,41.6,41.65,18100
VHM,2024-10-09 02:17:00,41.65,41.65,41.6,41.65,600
VHM,2024-10-09 02:18:00,41.65,41.65,41.6,41.65,78000
VHM,2024-10-09 02:19:00,41.65,41.65,41.65,41.65,9000
VHM,2024-10-09 02:20:00,41.65,41.65,41.6,41.65,11300
VHM,2024-10-09 02:21:00,41.65,41.7,41.6,41.65,17700
VHM,2024-10-09 02:22:00,41.65,41.7,41.65,41.7,7900
VHM,2024-10-09 02:23:00,41.7,41.7,41.7,41.7,13600
VHM,2024-10-09 02:24:00,41.7,41.7,41.7,41.7,13400
VHM,2024-10-09 02:25:00,41.7,41.7,41.6,41.65,56000
VHM,2024-10-09 02:26:00,41.65,41.65,41.65,41.65,5400
VHM,2024-10-09 02:27:00,41.65,41.65,41.65,41.65,3900
VHM,2024-10-09 02:28:00,41.65,41.7,41.65,41.65,13200
VHM,2024-10-09 02:30:00,41.65,41.7,41.65,41.7,30700
VHM,2024-10-09 02:31:00,41.7,41.75,41.7,41.7,4600
VHM,2024-10-09 02:32:00,41.7,41.9,41.7,41.9,115000
VHM,2024-10-09 02:33:00,41.9,42.0,41.85,41.95,138500
VHM,2024-10-09 02:34:00,41.95,42.05,41.95,41.95,34100
VHM,2024-10-09 02:35:00,41.95,42.0,41.9,41.95,35900
VHM,2024-10-09 02:36:00,41.95,41.95,41.9,41.95,17100
VHM,2024-10-09 02:37:00,41.95,42.0,41.95,42.0,9200
VHM,2024-10-09 02:38:00,42.0,42.15,41.95,42.1,190800
VHM,2024-10-09 02:39:00,42.1,42.15,42.05,42.05,34000
VHM,2024-10-09 02:40:00,42.05,42.05,42.0,42.0,12700
VHM,2024-10-09 02:41:00,42.0,42.05,42.0,42.05,34900
VHM,2024-10-09 02:42:00,42.05,42.05,42.0,42.0,2700
VHM,2024-10-09 02:43:00,42.0,42.0,42.0,42.0,5000
VHM,2024-10-09 02:44:00,42.0,42.0,42.0,42.0,17300
VHM,2024-10-09 02:45:00,42.0,42.05,42.0,42.0,7000
VHM,2024-10-09 02:46:00,42.0,42.0,42.0,42.0,2200
VHM,2024-10-09 02:47:00,42.0,42.0,42.0,42.0,24800
VHM,2024-10-09 02:48:00,42.0,42.0,41.95,42.0,800
VHM,2024-10-09 02:49:00,42.0,42.0,41.95,41.95,4400
VHM,2024-10-09 02:50:00,41.95,41.95,41.95,41.95,700
VHM,2024-10-09 02:51:00,41.95,41.95,41.95,41.95,10700
VHM,2024-10-09 02:52:00,41.95,41.95,41.95,41.95,1000
VHM,2024-10-09 02:53:00,41.95,42.0,41.95,41.95,700
VHM,2024-10-09 02:54:00,41.95,42.0,41.95,41.95,12600
VHM,2024-10-09 02:55:00,41.95,41.95,41.9,41.9,109300
VHM,2024-10-09 02:56:00,41.9,41.9,41.85,41.85,20500
VHM,2024-10-09 02:57:00,41.85,41.9,41.8,41.9,32600
VHM,2024-10-09 02:59:00,41.9,41.95,41.9,41.95,19600
VHM,2024-10-09 03:00:00,41.95,41.95,41.9,41.95,36100
VHM,2024-10-09 03:01:00,41.95,42.0,41.9,42.0,46800
VHM,2024-10-09 03:02:00,42.0,42.0,41.95,41.95,17800
VHM,2024-10-09 03:03:00,41.95,42.0,41.95,42.0,14600
VHM,2024-10-09 03:04:00,42.0,42.0,41.95,42.0,21300
VHM,2024-10-09 03:05:00,42.0,42.0,42.0,42.0,160300
VHM,2024-10-09 03:06:00,42.0,42.1,42.0,42.1,82500
VHM,2024-10-09 03:07:00,42.1,42.15,42.05,42.1,72000
VHM,2024-10-09 03:08:00,42.1,42.15,42.1,42.15,14500
VHM,2024-10-09 03:09:00,42.15,42.2,42.15,42.15,54500
VHM,2024-10-09 03:10:00,42.15,42.2,42.15,42.15,27600
VHM,2024-10-09 03:11:00,42.15,42.15,42.1,42.15,15600
VHM,2024-10-09 03:12:00,42.15,42.2,42.15,42.15,19400
VHM,2024-10-09 03:13:00,42.15,42.2,42.15,42.15,12000
VHM,2024-10-09 03:14:00,42.15,42.2,42.15,42.2,3400
VHM,2024-10-09 03:15:00,42.2,42.2,42.15,42.15,34900
VHM,2024-10-09 03:16:00,42.15,42.15,42.15,42.15,55600
VHM,2024-10-09 03:17:00,42.15,42.15,42.1,42.1,5900
VHM,2024-10-09 03:18:00,42.1,42.1,42.1,42.1,4100
VHM,2024-10-09 03:19:00,42.1,42.1,42.05,42.05,77100
VHM,2024-10-09 03:20:00,42.05,42.1,42.05,42.05,6600
VHM,2024-10-09 03:21:00,42.05,42.1,42.05,42.05,16200
VHM,2024-10-09 03:22:00,42.05,42.05,42.05,42.05,7500
VHM,2024-10-09 03:23:00,42.05,42.05,42.05,42.05,600
VHM,2024-10-09 03:24:00,42.05,42.1,42.05,42.05,27600
VHM,2024-10-09 03:25:00,42.05,42.05,42.05,42.05,32300
VHM,2024-10-09 03:26:00,42.05,42.05,42.05,42.05,1500
VHM,2024-10-09 03:27:00,42.05,42.05,42.05,42.05,3000
VHM,2024-10-09 03:28:00,42.05,42.05,42.05,42.05,39900
VHM,2024-10-09 03:29:00,42.05,42.05,42.05,42.05,5900
VHM,2024-10-09 03:30:00,42.05,42.05,42.0,42.05,5400
VHM,2024-10-09 03:31:00,42.05,42.05,42.0,42.0,35600
VHM,2024-10-09 03:32:00,42.0,42.0,42.0,42.0,300
VHM,2024-10-09 03:33:00,42.0,42.05,42.0,42.05,12100
VHM,2024-10-09 03:34:00,42.05,42.05,42.05,42.05,19600
VHM,2024-10-09 03:35:00,42.05,42.05,42.05,42.05,13900
VHM,2024-10-09 03:36:00,42.05,42.05,42.0,42.0,10300
VHM,2024-10-09 03:37:00,42.0,42.0,42.0,42.0,100
VHM,2024-10-09 03:38:00,42.0,42.05,42.0,42.05,3200
VHM,2024-10-09 03:39:00,42.05,42.05,42.0,42.0,32600
VHM,2024-10-09 03:40:00,42.0,42.05,42.0,42.05,2600
VHM,2024-10-09 03:41:00,42.05,42.05,42.05,42.05,2000
VHM,2024-10-09 03:42:00,42.05,42.05,42.0,42.05,3800
VHM,2024-10-09 03:43:00,42.05,42.05,42.0,42.05,2200
VHM,2024-10-09 03:44:00,42.05,42.05,42.05,42.05,500
VHM,2024-10-09 03:45:00,42.05,42.05,42.0,42.05,6100
VHM,2024-10-09 03:46:00,42.05,42.05,42.0,42.0,6800
VHM,2024-10-09 03:47:00,42.0,42.05,42.0,42.05,2200
VHM,2024-10-09 03:48:00,42.05,42.05,42.0,42.0,23300
VHM,2024-10-09 03:49:00,42.0,42.05,42.0,42.05,36300
VHM,2024-10-09 03:50:00,42.05,42.1,42.05,42.05,17500
VHM,2024-10-09 03:51:00,42.05,42.1,42.05,42.1,3200
VHM,2024-10-09 03:52:00,42.1,42.1,42.1,42.1,11000
VHM,2024-10-09 03:53:00,42.1,42.1,42.05,42.05,300
VHM,2024-10-09 03:54:00,42.05,42.05,42.05,42.05,700
VHM,2024-10-09 03:55:00,42.05,42.1,42.05,42.1,9400
VHM,2024-10-09 03:56:00,42.1,42.1,42.05,42.05,3100
VHM,2024-10-09 03:57:00,42.05,42.1,42.05,42.1,2600
VHM,2024-10-09 03:58:00,42.1,42.1,42.1,42.1,63500
VHM,2024-10-09 03:59:00,42.1,42.15,42.1,42.1,55900
VHM,2024-10-09 04:00:00,42.1,42.15,42.1,42.15,32400
VHM,2024-10-09 04:01:00,42.15,42.2,42.15,42.2,2400
VHM,2024-10-09 04:02:00,42.2,42.2,42.2,42.2,4500
VHM,2024-10-09 04:03:00,42.2,42.2,42.15,42.2,4500
VHM,2024-10-09 04:04:00,42.2,42.25,42.2,42.25,130700
VHM,2024-10-09 04:05:00,42.25,42.25,42.25,42.25,23400
VHM,2024-10-09 04:06:00,42.25,42.25,42.2,42.2,37500
VHM,2024-10-09 04:07:00,42.2,42.25,42.2,42.25,5700
VHM,2024-10-09 04:08:00,42.25,42.25,42.25,42.25,5700
VHM,2024-10-09 04:09:00,42.25,42.25,42.25,42.25,18700
VHM,2024-10-09 04:10:00,42.25,42.25,42.2,42.25,5600
VHM,2024-10-09 04:11:00,42.25,42.25,42.2,42.25,8800
VHM,2024-10-09 04:12:00,42.25,42.25,42.2,42.25,13400
VHM,2024-10-09 04:13:00,42.25,42.25,42.2,42.2,24000
VHM,2024-10-09 04:14:00,42.2,42.25,42.2,42.25,36700
VHM,2024-10-09 04:15:00,42.25,42.25,42.25,42.25,2600
VHM,2024-10-09 04:16:00,42.25,42.25,42.2,42.25,25000
VHM,2024-10-09 04:17:00,42.25,42.3,42.25,42.25,103900
VHM,2024-10-09 04:18:00,42.25,42.3,42.25,42.25,26700
VHM,2024-10-09 04:19:00,42.25,42.25,42.25,42.25,20400
VHM,2024-10-09 04:20:00,42.25,42.25,42.25,42.25,14300
VHM,2024-10-09 04:21:00,42.25,42.25,42.2,42.25,19600
VHM,2024-10-09 04:22:00,42.25,42.3,42.25,42.25,4900
VHM,2024-10-09 04:23:00,42.25,42.3,42.25,42.25,15300
VHM,2024-10-09 04:24:00,42.25,42.3,42.25,42.25,8000
VHM,2024-10-09 04:25:00,42.25,42.25,42.2,42.2,3200
VHM,2024-10-09 04:26:00,42.2,42.25,42.2,42.25,6100
VHM,2024-10-09 04:27:00,42.25,42.25,42.2,42.2,4800
VHM,2024-10-09 04:28:00,42.2,42.25,42.2,42.25,10100
VHM,2024-10-09 04:29:00,42.25,42.25,42.25,42.25,9300
VHM,2024-10-09 06:00:00,42.25,42.25,42.2,42.25,73100
VHM,2024-10-09 06:01:00,42.25,42.25,42.2,42.25,6700
VHM,2024-10-09 06:02:00,42.25,42.25,42.2,42.25,8800
VHM,2024-10-09 06:03:00,42.25,42.3,42.2,42.3,47000
VHM,2024-10-09 06:04:00,42.3,42.3,42.25,42.25,28800
VHM,2024-10-09 06:05:00,42.25,42.3,42.25,42.3,13200
VHM,2024-10-09 06:06:00,42.3,42.3,42.25,42.25,7200
VHM,2024-10-09 06:07:00,42.25,42.3,42.25,42.25,103700
VHM,2024-10-09 06:08:00,42.25,42.25,42.25,42.25,19900
VHM,2024-10-09 06:09:00,42.25,42.25,42.25,42.25,24300
VHM,2024-10-09 06:10:00,42.25,42.3,42.25,42.3,54400
VHM,2024-10-09 06:11:00,42.3,42.3,42.25,42.25,4000
VHM,2024-10-09 06:12:00,42.25,42.3,42.25,42.3,10900
VHM,2024-10-09 06:13:00,42.3,42.3,42.3,42.3,65500
VHM,2024-10-09 06:14:00,42.3,42.35,42.3,42.35,27100
VHM,2024-10-09 06:15:00,42.35,42.4,42.35,42.35,158400
VHM,2024-10-09 06:16:00,42.35,42.4,42.35,42.35,33300
VHM,2024-10-09 06:17:00,42.35,42.35,42.3,42.35,83500
VHM,2024-10-09 06:18:00,42.35,42.35,42.3,42.3,25800
VHM,2024-10-09 06:19:00,42.3,42.35,42.25,42.25,184200
VHM,2024-10-09 06:20:00,42.25,42.3,42.25,42.25,12200
VHM,2024-10-09 06:21:00,42.25,42.3,42.25,42.3,22300
VHM,2024-10-09 06:22:00,42.3,42.3,42.25,42.3,25600
VHM,2024-10-09 06:23:00,42.3,42.3,42.25,42.25,11700
VHM,2024-10-09 06:24:00,42.25,42.25,42.25,42.25,16100
VHM,2024-10-09 06:25:00,42.25,42.3,42.25,42.25,14400
VHM,2024-10-09 06:26:00,42.25,42.3,42.25,42.3,56400
VHM,2024-10-09 06:27:00,42.3,42.3,42.25,42.3,7100
VHM,2024-10-09 06:28:00,42.3,42.3,42.3,42.3,10700
VHM,2024-10-09 06:29:00,42.3,42.3,42.25,42.25,10800
VHM,2024-10-09 06:30:00,42.25,42.3,42.25,42.3,4900
VHM,2024-10-09 06:31:00,42.3,42.3,42.25,42.3,32600
VHM,2024-10-09 06:32:00,42.3,42.3,42.25,42.3,38100
VHM,2024-10-09 06:33:00,42.3,42.3,42.25,42.25,7400
VHM,2024-10-09 06:34:00,42.25,42.3,42.25,42.3,2200
VHM,2024-10-09 06:35:00,42.3,42.3,42.25,42.25,12700
VHM,2024-10-09 06:36:00,42.25,42.3,42.25,42.25,29500
VHM,2024-10-09 06:37:00,42.25,42.3,42.25,42.25,20100
VHM,2024-10-09 06:38:00,42.25,42.3,42.25,42.25,9400
VHM,2024-10-09 06:39:00,42.25,42.3,42.25,42.3,11700
VHM,2024-10-09 06:40:00,42.3,42.3,42.25,42.3,24100
VHM,2024-10-09 06:41:00,42.3,42.3,42.25,42.3,26000
VHM,2024-10-09 06:42:00,42.3,42.3,42.3,42.3,12900
VHM,2024-10-09 06:43:00,42.3,42.35,42.25,42.3,9800
VHM,2024-10-09 06:44:00,42.3,42.3,42.2,42.2,39500
VHM,2024-10-09 06:45:00,42.2,42.3,42.2,42.3,19500
VHM,2024-10-09 06:46:00,42.3,42.3,42.25,42.25,24600
VHM,2024-10-09 06:47:00,42.25,42.3,42.25,42.3,5300
VHM,2024-10-09 06:48:00,42.3,42.3,42.3,42.3,41800
VHM,2024-10-09 06:49:00,42.3,42.3,42.3,42.3,19300
VHM,2024-10-09 06:50:00,42.3,42.3,42.3,42.3,25200
VHM,2024-10-09 06:51:00,42.3,42.35,42.3,42.35,33700
VHM,2024-10-09 06:52:00,42.35,42.35,42.35,42.35,32000
VHM,2024-10-09 06:53:00,42.35,42.35,42.35,42.35,30300
VHM,2024-10-09 06:54:00,42.35,42.4,42.35,42.4,66500
VHM,2024-10-09 06:55:00,42.4,42.4,42.35,42.4,28600
VHM,2024-10-09 06:56:00,42.4,42.4,42.35,42.4,16400
VHM,2024-10-09 06:57:00,42.4,42.45,42.35,42.45,192100
VHM,2024-10-09 06:58:00,42.45,42.45,42.4,42.45,6900
VHM,2024-10-09 06:59:00,42.45,42.45,42.4,42.45,23700
VHM,2024-10-09 07:00:00,42.45,42.45,42.4,42.45,94600
VHM,2024-10-09 07:01:00,42.45,42.5,42.45,42.5,81200
VHM,2024-10-09 07:02:00,42.5,42.5,42.45,42.5,136800
VHM,2024-10-09 07:03:00,42.5,42.5,42.45,42.5,22800
VHM,2024-10-09 07:04:00,42.5,42.55,42.45,42.55,57800
VHM,2024-10-09 07:05:00,42.55,42.55,42.5,42.55,41400
VHM,2024-10-09 07:06:00,42.55,42.55,42.5,42.5,12700
VHM,2024-10-09 07:07:00,42.5,42.55,42.5,42.5,32600
VHM,2024-10-09 07:08:00,42.5,42.5,42.45,42.45,50800
VHM,2024-10-09 07:09:00,42.45,42.5,42.4,42.45,74200
VHM,2024-10-09 07:10:00,42.45,42.45,42.4,42.45,29200
VHM,2024-10-09 07:11:00,42.45,42.45,42.4,42.4,21400
VHM,2024-10-09 07:12:00,42.4,42.45,42.4,42.45,40400
VHM,2024-10-09 07:13:00,42.45,42.45,42.35,42.4,80000
VHM,2024-10-09 07:14:00,42.4,42.4,42.35,42.4,17600
VHM,2024-10-09 07:15:00,42.4,42.4,42.35,42.35,55200
VHM,2024-10-09 07:16:00,42.35,42.4,42.35,42.4,21100
VHM,2024-10-09 07:17:00,42.4,42.4,42.35,42.4,13600
VHM,2024-10-09 07:18:00,42.4,42.4,42.35,42.4,14300
VHM,2024-10-09 07:19:00,42.4,42.4,42.35,42.4,22200
VHM,2024-10-09 07:20:00,42.4,42.4,42.4,42.4,34200
VHM,2024-10-09 07:21:00,42.4,42.45,42.4,42.4,9300
VHM,2024-10-09 07:22:00,42.4,42.45,42.4,42.45,16900
VHM,2024-10-09 07:23:00,42.45,42.45,42.4,42.4,9200
VHM,2024-10-09 07:24:00,42.4,42.45,42.4,42.45,21700
VHM,2024-10-09 07:25:00,42.45,42.45,42.4,42.4,37500
VHM,2024-10-09 07:26:00,42.4,42.45,42.4,42.45,6500
VHM,2024-10-09 07:27:00,42.45,42.45,42.4,42.45,14100
VHM,2024-10-09 07:28:00,42.45,42.45,42.4,42.45,75700
VHM,2024-10-09 07:29:00,42.45,42.5,42.4,42.5,20700
VHM,2024-10-09 07:45:00,42.5,42.5,42.5,42.5,404800
VHM,2024-10-10 02:15:00,42.7,42.8,42.7,42.8,61500
VHM,2024-10-10 02:16:00,42.8,42.9,42.8,42.8,86700
VHM,2024-10-10 02:17:00,42.8,42.85,42.75,42.75,38100
VHM,2024-10-10 02:18:00,42.75,42.8,42.7,42.75,14000
VHM,2024-10-10 02:19:00,42.75,42.75,42.7,42.75,47100
VHM,2024-10-10 02:20:00,42.75,42.75,42.7,42.7,7200
VHM,2024-10-10 02:21:00,42.7,42.75,42.65,42.7,62300
VHM,2024-10-10 02:22:00,42.7,42.7,42.6,42.6,9300
VHM,2024-10-10 02:23:00,42.6,42.6,42.55,42.6,29000
VHM,2024-10-10 02:24:00,42.6,42.6,42.55,42.55,15000
VHM,2024-10-10 02:25:00,42.55,42.6,42.55,42.55,15500
VHM,2024-10-10 02:26:00,42.55,42.55,42.55,42.55,3900
VHM,2024-10-10 02:27:00,42.55,42.55,42.55,42.55,300
VHM,2024-10-10 02:28:00,42.55,42.55,42.55,42.55,6300
VHM,2024-10-10 02:29:00,42.55,42.6,42.55,42.55,12600
VHM,2024-10-10 02:30:00,42.55,42.55,42.55,42.55,1400
VHM,2024-10-10 02:31:00,42.55,42.55,42.55,42.55,5800
VHM,2024-10-10 02:32:00,42.55,42.55,42.5,42.5,37700
VHM,2024-10-10 02:33:00,42.5,42.5,42.5,42.5,100
VHM,2024-10-10 02:34:00,42.5,42.5,42.5,42.5,5200
VHM,2024-10-10 02:35:00,42.5,42.5,42.5,42.5,14000
VHM,2024-10-10 02:36:00,42.5,42.5,42.45,42.45,11200
VHM,2024-10-10 02:37:00,42.45,42.5,42.45,42.5,23500
VHM,2024-10-10 02:38:00,42.5,42.5,42.45,42.5,78200
VHM,2024-10-10 02:39:00,42.5,42.55,42.5,42.55,5100
VHM,2024-10-10 02:40:00,42.55,42.55,42.55,42.55,53000
VHM,2024-10-10 02:41:00,42.55,42.55,42.55,42.55,4000
VHM,2024-10-10 02:42:00,42.55,42.65,42.55,42.65,37500
VHM,2024-10-10 02:43:00,42.65,42.65,42.5,42.5,175600
VHM,2024-10-10 02:44:00,42.5,42.6,42.5,42.5,29400
VHM,2024-10-10 02:45:00,42.5,42.55,42.5,42.55,34000
VHM,2024-10-10 02:46:00,42.55,42.6,42.5,42.55,39400
VHM,2024-10-10 02:47:00,42.55,42.6,42.55,42.55,5300
VHM,2024-10-10 02:48:00,42.55,42.55,42.55,42.55,7100
VHM,2024-10-10 02:49:00,42.55,42.6,42.55,42.55,31500
VHM,2024-10-10 02:50:00,42.55,42.55,42.5,42.5,32300
VHM,2024-10-10 02:51:00,42.5,42.55,42.45,42.45,31300
VHM,2024-10-10 02:52:00,42.45,42.5,42.45,42.5,11800
VHM,2024-10-10 02:53:00,42.5,42.6,42.5,42.5,23300
VHM,2024-10-10 02:54:00,42.5,42.55,42.5,42.5,19000
VHM,2024-10-10 02:55:00,42.5,42.5,42.45,42.5,30400
VHM,2024-10-10 02:56:00,42.5,42.5,42.45,42.45,13900
VHM,2024-10-10 02:57:00,42.45,42.5,42.45,42.5,81800
VHM,2024-10-10 02:58:00,42.5,42.5,42.45,42.45,7000
VHM,2024-10-10 02:59:00,42.45,42.45,42.45,42.45,5700
VHM,2024-10-10 03:00:00,42.45,42.5,42.45,42.5,9300
VHM,2024-10-10 03:01:00,42.5,42.55,42.5,42.5,13100
VHM,2024-10-10 03:02:00,42.5,42.55,42.5,42.55,3100
VHM,2024-10-10 03:03:00,42.55,42.55,42.5,42.55,24200
VHM,2024-10-10 03:04:00,42.55,42.55,42.5,42.5,1400
VHM,2024-10-10 03:05:00,42.5,42.6,42.5,42.6,103600
VHM,2024-10-10 03:06:00,42.6,42.6,42.5,42.5,36800
VHM,2024-10-10 03:07:00,42.5,42.5,42.5,42.5,11700
VHM,2024-10-10 03:08:00,42.5,42.55,42.5,42.55,1500
VHM,2024-10-10 03:09:00,42.55,42.55,42.5,42.5,2300
VHM,2024-10-10 03:10:00,42.5,42.6,42.5,42.6,1000
VHM,2024-10-10 03:11:00,42.6,42.7,42.5,42.55,71200
VHM,2024-10-10 03:12:00,42.55,42.55,42.55,42.55,1000
VHM,2024-10-10 03:13:00,42.55,42.65,42.55,42.55,3400
VHM,2024-10-10 03:14:00,42.55,42.7,42.55,42.6,24300
VHM,2024-10-10 03:15:00,42.6,42.8,42.6,42.7,110400
VHM,2024-10-10 03:16:00,42.7,42.8,42.6,42.6,112400
VHM,2024-10-10 03:17:00,42.6,42.7,42.6,42.65,2400
VHM,2024-10-10 03:18:00,42.65,42.7,42.65,42.7,3500
VHM,2024-10-10 03:19:00,42.7,42.7,42.65,42.65,11100
VHM,2024-10-10 03:20:00,42.65,42.7,42.65,42.65,13900
VHM,2024-10-10 03:21:00,42.65,42.65,42.6,42.65,16800
VHM,2024-10-10 03:22:00,42.65,42.65,42.65,42.65,29500
VHM,2024-10-10 03:23:00,42.65,42.65,42.6,42.6,12000
VHM,2024-10-10 03:24:00,42.6,42.65,42.6,42.6,2700
VHM,2024-10-10 03:25:00,42.6,42.65,42.6,42.6,8500
VHM,2024-10-10 03:26:00,42.6,42.6,42.55,42.55,41400
VHM,2024-10-10 03:27:00,42.55,42.6,42.55,42.55,2500
VHM,2024-10-10 03:28:00,42.55,42.6,42.55,42.6,10900
VHM,2024-10-10 03:29:00,42.6,42.6,42.5,42.5,5800
VHM,2024-10-10 03:30:00,42.5,42.55,42.5,42.5,31700
VHM,2024-10-10 03:31:00,42.5,42.55,42.5,42.5,28300
VHM,2024-10-10 03:32:00,42.5,42.5,42.5,42.5,1800
VHM,2024-10-10 03:33:00,42.5,42.55,42.5,42.55,8500
VHM,2024-10-10 03:34:00,42.55,42.55,42.5,42.5,1100
VHM,2024-10-10 03:35:00,42.5,42.5,42.5,42.5,12000
VHM,2024-10-10 03:36:00,42.5,42.55,42.5,42.5,2300
VHM,2024-10-10 03:37:00,42.5,42.5,42.45,42.45,33200
VHM,2024-10-10 03:38:00,42.45,42.5,42.45,42.45,1600
VHM,2024-10-10 03:39:00,42.45,42.5,42.45,42.45,1600
VHM,2024-10-10 03:40:00,42.45,42.5,42.45,42.45,2100
VHM,2024-10-10 03:41:00,42.45,42.5,42.45,42.5,1200
VHM,2024-10-10 03:42:00,42.5,42.5,42.45,42.45,9200
VHM,2024-10-10 03:43:00,42.45,42.45,42.45,42.45,1600
VHM,2024-10-10 03:44:00,42.45,42.45,42.45,42.45,1000
VHM,2024-10-10 03:45:00,42.45,42.45,42.45,42.45,1000
VHM,2024-10-10 03:46:00,42.45,42.45,42.45,42.45,1000
VHM,2024-10-10 03:47:00,42.45,42.45,42.45,42.45,1600
VHM,2024-10-10 03:48:00,42.45,42.5,42.45,42.45,2200
VHM,2024-10-10 03:49:00,42.45,42.5,42.45,42.5,17500
VHM,2024-10-10 03:50:00,42.5,42.5,42.5,42.5,40500
VHM,2024-10-10 03:51:00,42.5,42.5,42.45,42.5,14000
VHM,2024-10-10 03:52:00,42.5,42.55,42.5,42.5,1600
VHM,2024-10-10 03:53:00,42.5,42.55,42.5,42.5,1400
VHM,2024-10-10 03:54:00,42.5,42.5,42.5,42.5,1100
VHM,2024-10-10 03:55:00,42.5,42.55,42.5,42.55,12500
VHM,2024-10-10 03:56:00,42.55,42.55,42.5,42.5,1600
VHM,2024-10-10 03:57:00,42.5,42.5,42.5,42.5,1000
VHM,2024-10-10 03:58:00,42.5,42.5,42.5,42.5,2600
VHM,2024-10-10 03:59:00,42.5,42.5,42.45,42.5,144700
VHM,2024-10-10 04:00:00,42.5,42.55,42.45,42.45,6300
VHM,2024-10-10 04:01:00,42.45,42.45,42.45,42.45,1000
VHM,2024-10-10 04:02:00,42.45,42.45,42.45,42.45,11000
VHM,2024-10-10 04:03:00,42.45,42.45,42.45,42.45,1000
VHM,2024-10-10 04:04:00,42.45,42.5,42.45,42.45,6100
VHM,2024-10-10 04:05:00,42.45,42.5,42.45,42.45,8100
VHM,2024-10-10 04:06:00,42.45,42.45,42.45,42.45,6000
VHM,2024-10-10 04:07:00,42.45,42.45,42.45,42.45,31200
VHM,2024-10-10 04:08:00,42.45,42.45,42.45,42.45,1500
VHM,2024-10-10 04:09:00,42.45,42.45,42.45,42.45,2800
VHM,2024-10-10 04:10:00,42.45,42.45,42.4,42.4,15700
VHM,2024-10-10 04:11:00,42.4,42.45,42.4,42.45,5400
VHM,2024-10-10 04:12:00,42.45,42.45,42.4,42.45,9500
VHM,2024-10-10 04:13:00,42.45,42.45,42.4,42.45,8100
VHM,2024-10-10 04:15:00,42.45,42.45,42.45,42.45,300
VHM,2024-10-10 04:17:00,42.45,42.45,42.4,42.45,2100
VHM,2024-10-10 04:18:00,42.45,42.45,42.4,42.4,28000
VHM,2024-10-10 04:20:00,42.4,42.4,42.4,42.4,200
VHM,2024-10-10 04:21:00,42.4,42.4,42.4,42.4,6300
VHM,2024-10-10 04:22:00,42.4,42.45,42.4,42.4,1400
VHM,2024-10-10 04:23:00,42.4,42.45,42.4,42.45,4300
VHM,2024-10-10 04:24:00,42.45,42.45,42.4,42.4,3400
VHM,2024-10-10 04:25:00,42.4,42.4,42.4,42.4,200
VHM,2024-10-10 04:26:00,42.4,42.45,42.4,42.45,3300
VHM,2024-10-10 04:27:00,42.45,42.45,42.4,42.4,24800
VHM,2024-10-10 04:28:00,42.4,42.4,42.4,42.4,2100
VHM,2024-10-10 04:29:00,42.4,42.4,42.4,42.4,4400
VHM,2024-10-10 06:00:00,42.4,42.4,42.35,42.4,39900
VHM,2024-10-10 06:01:00,42.4,42.4,42.35,42.4,4300
VHM,2024-10-10 06:02:00,42.4,42.4,42.35,42.35,6100
VHM,2024-10-10 06:03:00,42.35,42.4,42.35,42.35,5500
VHM,2024-10-10 06:04:00,42.35,42.35,42.35,42.35,24200
VHM,2024-10-10 06:05:00,42.35,42.35,42.35,42.35,24100
VHM,2024-10-10 06:06:00,42.35,42.35,42.35,42.35,34200
VHM,2024-10-10 06:07:00,42.35,42.35,42.3,42.3,109100
VHM,2024-10-10 06:08:00,42.3,42.3,42.2,42.3,93300
VHM,2024-10-10 06:09:00,42.3,42.35,42.3,42.35,9900
VHM,2024-10-10 06:10:00,42.35,42.35,42.3,42.35,2500
VHM,2024-10-10 06:11:00,42.35,42.35,42.25,42.3,9100
VHM,2024-10-10 06:12:00,42.3,42.4,42.3,42.3,2300
VHM,2024-10-10 06:13:00,42.3,42.35,42.3,42.35,3700
VHM,2024-10-10 06:14:00,42.35,42.35,42.35,42.35,16600
VHM,2024-10-10 06:15:00,42.35,42.35,42.3,42.3,27300
VHM,2024-10-10 06:16:00,42.3,42.3,42.3,42.3,2000
VHM,2024-10-10 06:18:00,42.3,42.35,42.3,42.35,18700
VHM,2024-10-10 06:19:00,42.35,42.35,42.3,42.3,40200
VHM,2024-10-10 06:20:00,42.3,42.35,42.3,42.35,8200
VHM,2024-10-10 06:21:00,42.35,42.35,42.35,42.35,5600
VHM,2024-10-10 06:22:00,42.35,42.4,42.35,42.4,2400
VHM,2024-10-10 06:23:00,42.4,42.4,42.25,42.25,86700
VHM,2024-10-10 06:24:00,42.25,42.25,42.2,42.25,79600
VHM,2024-10-10 06:25:00,42.25,42.25,42.2,42.2,70000
VHM,2024-10-10 06:26:00,42.2,42.2,42.15,42.2,7600
VHM,2024-10-10 06:27:00,42.2,42.2,42.15,42.2,30800
VHM,2024-10-10 06:28:00,42.2,42.2,42.15,42.2,22800
VHM,2024-10-10 06:29:00,42.2,42.25,42.2,42.25,23900
VHM,2024-10-10 06:30:00,42.25,42.3,42.2,42.3,55600
VHM,2024-10-10 06:31:00,42.3,42.3,42.2,42.2,18900
VHM,2024-10-10 06:32:00,42.2,42.25,42.2,42.25,4100
VHM,2024-10-10 06:33:00,42.25,42.25,42.2,42.25,8700
VHM,2024-10-10 06:34:00,42.25,42.25,42.25,42.25,8900
VHM,2024-10-10 06:35:00,42.25,42.25,42.2,42.25,25000
VHM,2024-10-10 06:36:00,42.25,42.25,42.2,42.2,34500
VHM,2024-10-10 06:37:00,42.2,42.25,42.2,42.2,13500
VHM,2024-10-10 06:38:00,42.2,42.2,42.15,42.2,4200
VHM,2024-10-10 06:39:00,42.2,42.2,42.2,42.2,700
VHM,2024-10-10 06:40:00,42.2,42.2,42.2,42.2,35100
VHM,2024-10-10 06:41:00,42.2,42.25,42.2,42.25,300
VHM,2024-10-10 06:42:00,42.25,42.25,42.2,42.2,60200
VHM,2024-10-10 06:43:00,42.2,42.2,42.2,42.2,6400
VHM,2024-10-10 06:44:00,42.2,42.2,42.2,42.2,500
VHM,2024-10-10 06:45:00,42.2,42.25,42.2,42.25,19900
VHM,2024-10-10 06:46:00,42.25,42.25,42.25,42.25,1000
VHM,2024-10-10 06:47:00,42.25,42.25,42.25,42.25,2900
VHM,2024-10-10 06:49:00,42.25,42.25,42.25,42.25,2000
VHM,2024-10-10 06:50:00,42.25,42.25,42.2,42.25,60700
VHM,2024-10-10 06:51:00,42.25,42.25,42.2,42.2,12200
VHM,2024-10-10 06:52:00,42.2,42.2,42.2,42.2,700
VHM,2024-10-10 06:53:00,42.2,42.25,42.2,42.25,15700
VHM,2024-10-10 06:54:00,42.25,42.25,42.25,42.25,6200
VHM,2024-10-10 06:55:00,42.25,42.25,42.25,42.25,3200
VHM,2024-10-10 06:56:00,42.25,42.25,42.25,42.25,34700
VHM,2024-10-10 06:57:00,42.25,42.35,42.25,42.35,69300
VHM,2024-10-10 06:58:00,42.35,42.35,42.35,42.35,5300
VHM,2024-10-10 06:59:00,42.35,42.4,42.35,42.35,10100
VHM,2024-10-10 07:00:00,42.35,42.4,42.35,42.4,11200
VHM,2024-10-10 07:01:00,42.4,42.4,42.35,42.35,31800
VHM,2024-10-10 07:02:00,42.35,42.35,42.25,42.25,42500
VHM,2024-10-10 07:03:00,42.25,42.3,42.2,42.2,33500
VHM,2024-10-10 07:04:00,42.2,42.2,42.15,42.2,47500
VHM,2024-10-10 07:05:00,42.2,42.2,42.15,42.15,12300
VHM,2024-10-10 07:06:00,42.15,42.2,42.15,42.15,109300
VHM,2024-10-10 07:07:00,42.15,42.15,42.15,42.15,17400
VHM,2024-10-10 07:08:00,42.15,42.2,42.15,42.2,52200
VHM,2024-10-10 07:09:00,42.2,42.25,42.2,42.2,3800
VHM,2024-10-10 07:10:00,42.2,42.25,42.2,42.25,14300
VHM,2024-10-10 07:11:00,42.25,42.25,42.2,42.2,3100
VHM,2024-10-10 07:12:00,42.2,42.25,42.2,42.2,3100
VHM,2024-10-10 07:13:00,42.2,42.2,42.2,42.2,16700
VHM,2024-10-10 07:14:00,42.2,42.2,42.2,42.2,10300
VHM,2024-10-10 07:15:00,42.2,42.2,42.15,42.2,63400
VHM,2024-10-10 07:16:00,42.2,42.2,42.2,42.2,100
VHM,2024-10-10 07:17:00,42.2,42.2,42.2,42.2,9300
VHM,2024-10-10 07:18:00,42.2,42.2,42.2,42.2,8800
VHM,2024-10-10 07:19:00,42.2,42.2,42.2,42.2,24000
VHM,2024-10-10 07:20:00,42.2,42.2,42.2,42.2,34300
VHM,2024-10-10 07:21:00,42.2,42.2,42.15,42.15,5400
VHM,2024-10-10 07:22:00,42.15,42.2,42.15,42.2,19500
VHM,2024-10-10 07:23:00,42.2,42.2,42.2,42.2,45300
VHM,2024-10-10 07:24:00,42.2,42.25,42.2,42.25,54400
VHM,2024-10-10 07:25:00,42.25,42.25,42.2,42.25,23800
VHM,2024-10-10 07:26:00,42.25,42.25,42.2,42.25,6500
VHM,2024-10-10 07:27:00,42.25,42.25,42.2,42.25,73500
VHM,2024-10-10 07:28:00,42.25,42.35,42.2,42.35,33500
VHM,2024-10-10 07:29:00,42.35,42.4,42.15,42.15,197900
VHM,2024-10-10 07:45:00,42.15,42.15,42.15,42.15,574500
VHM,2024-10-11 02:15:00,42.45,42.5,42.3,42.45,265000
VHM,2024-10-11 02:16:00,42.45,42.65,42.45,42.6,183600
VHM,2024-10-11 02:17:00,42.6,42.8,42.55,42.75,163400
VHM,2024-10-11 02:18:00,42.75,42.9,42.75,42.85,200300
VHM,2024-10-11 02:19:00,42.85,42.95,42.85,42.9,135200
VHM,2024-10-11 02:20:00,42.9,43.0,42.9,42.95,464400
VHM,2024-10-11 02:21:00,42.95,43.1,42.9,43.1,185300
VHM,2024-10-11 02:22:00,43.1,43.35,43.1,43.3,319700
VHM,2024-10-11 02:23:00,43.3,43.3,43.15,43.2,310100
VHM,2024-10-11 02:24:00,43.2,43.2,43.0,43.1,110400
VHM,2024-10-11 02:25:00,43.1,43.1,42.9,42.95,146400
VHM,2024-10-11 02:26:00,42.95,43.1,42.95,43.1,186800
VHM,2024-10-11 02:27:00,43.1,43.15,43.1,43.1,128400
VHM,2024-10-11 02:28:00,43.1,43.2,43.1,43.15,123900
VHM,2024-10-11 02:29:00,43.15,43.15,43.15,43.15,49100
VHM,2024-10-11 02:30:00,43.15,43.15,43.1,43.1,38600
VHM,2024-10-11 02:31:00,43.1,43.2,43.1,43.15,217300
VHM,2024-10-11 02:32:00,43.15,43.35,43.15,43.3,256200
VHM,2024-10-11 02:33:00,43.3,43.35,43.25,43.3,176400
VHM,2024-10-11 02:34:00,43.3,43.3,43.25,43.25,53100
VHM,2024-10-11 02:35:00,43.25,43.25,43.2,43.2,57300
VHM,2024-10-11 02:36:00,43.2,43.25,43.2,43.2,73900
VHM,2024-10-11 02:37:00,43.2,43.25,43.2,43.2,24800
VHM,2024-10-11 02:38:00,43.2,43.2,43.15,43.15,38000
VHM,2024-10-11 02:39:00,43.15,43.15,43.1,43.1,10600
VHM,2024-10-11 02:40:00,43.1,43.2,43.1,43.15,89600
VHM,2024-10-11 02:41:00,43.15,43.2,43.15,43.15,53600
VHM,2024-10-11 02:42:00,43.15,43.15,43.15,43.15,4000
VHM,2024-10-11 02:43:00,43.15,43.15,43.1,43.15,36600
VHM,2024-10-11 02:44:00,43.15,43.15,43.05,43.1,68400
VHM,2024-10-11 02:45:00,43.1,43.1,43.1,43.1,9200
VHM,2024-10-11 02:46:00,43.1,43.1,43.05,43.1,34600
VHM,2024-10-11 02:47:00,43.1,43.1,43.05,43.05,43800
VHM,2024-10-11 02:48:00,43.05,43.1,43.05,43.05,52300
VHM,2024-10-11 02:49:00,43.05,43.1,43.05,43.05,13400
VHM,2024-10-11 02:50:00,43.05,43.1,43.05,43.1,14900
VHM,2024-10-11 02:51:00,43.1,43.15,43.1,43.15,162000
VHM,2024-10-11 02:52:00,43.15,43.2,43.15,43.15,24300
VHM,2024-10-11 02:53:00,43.15,43.2,43.15,43.15,20500
VHM,2024-10-11 02:54:00,43.15,43.25,43.15,43.25,163800
VHM,2024-10-11 02:55:00,43.25,43.3,43.25,43.25,36700
VHM,2024-10-11 02:56:00,43.25,43.3,43.25,43.25,201100
VHM,2024-10-11 02:57:00,43.25,43.45,43.25,43.45,320800
VHM,2024-10-11 02:58:00,43.45,43.5,43.35,43.4,186300
VHM,2024-10-11 02:59:00,43.4,43.4,43.35,43.4,67000
VHM,2024-10-11 03:00:00,43.4,43.4,43.3,43.3,38000
VHM,2024-10-11 03:01:00,43.3,43.4,43.3,43.35,42100
VHM,2024-10-11 03:02:00,43.35,43.4,43.35,43.4,64200
VHM,2024-10-11 03:03:00,43.4,43.4,43.35,43.35,70200
VHM,2024-10-11 03:04:00,43.35,43.4,43.35,43.4,32200
VHM,2024-10-11 03:05:00,43.4,43.4,43.4,43.4,16200
VHM,2024-10-11 03:06:00,43.4,43.4,43.35,43.4,7600
VHM,2024-10-11 03:07:00,43.4,43.4,43.35,43.35,24800
VHM,2024-10-11 03:08:00,43.35,43.35,43.3,43.3,66500
VHM,2024-10-11 03:09:00,43.3,43.35,43.3,43.35,26500
VHM,2024-10-11 03:10:00,43.35,43.4,43.35,43.4,44700
VHM,2024-10-11 03:11:00,43.4,43.4,43.35,43.4,12300
VHM,2024-10-11 03:12:00,43.4,43.45,43.35,43.4,179400
VHM,2024-10-11 03:13:00,43.4,43.5,43.4,43.4,271400
VHM,2024-10-11 03:14:00,43.4,43.45,43.35,43.35,76900
VHM,2024-10-11 03:15:00,43.35,43.4,43.35,43.4,16000
VHM,2024-10-11 03:16:00,43.4,43.4,43.35,43.35,6800
VHM,2024-10-11 03:17:00,43.35,43.4,43.35,43.35,6200
VHM,2024-10-11 03:18:00,43.35,43.4,43.35,43.35,53200
VHM,2024-10-11 03:19:00,43.35,43.4,43.35,43.35,43300
VHM,2024-10-11 03:20:00,43.35,43.4,43.35,43.4,99800
VHM,2024-10-11 03:21:00,43.4,43.4,43.35,43.4,28200
VHM,2024-10-11 03:22:00,43.4,43.4,43.35,43.4,34700
VHM,2024-10-11 03:23:00,43.4,43.4,43.35,43.4,34000
VHM,2024-10-11 03:24:00,43.4,43.45,43.4,43.45,263700
VHM,2024-10-11 03:25:00,43.45,43.5,43.45,43.5,60800
VHM,2024-10-11 03:26:00,43.5,43.5,43.45,43.5,365600
VHM,2024-10-11 03:27:00,43.5,43.55,43.5,43.55,433900
VHM,2024-10-11 03:28:00,43.55,43.55,43.5,43.55,221600
VHM,2024-10-11 03:29:00,43.55,43.75,43.55,43.75,374100
VHM,2024-10-11 03:30:00,43.75,43.8,43.7,43.75,135000
VHM,2024-10-11 03:31:00,43.75,43.8,43.75,43.75,53700
VHM,2024-10-11 03:32:00,43.75,43.8,43.75,43.75,99000
VHM,2024-10-11 03:33:00,43.75,43.75,43.7,43.75,82700
VHM,2024-10-11 03:34:00,43.75,43.75,43.7,43.7,126500
VHM,2024-10-11 03:35:00,43.7,43.7,43.65,43.7,31100
VHM,2024-10-11 03:36:00,43.7,43.7,43.65,43.65,70500
VHM,2024-10-11 03:37:00,43.65,43.65,43.6,43.6,18100
VHM,2024-10-11 03:38:00,43.6,43.65,43.6,43.65,48500
VHM,2024-10-11 03:39:00,43.65,43.65,43.6,43.6,29100
VHM,2024-10-11 03:40:00,43.6,43.65,43.6,43.65,67300
VHM,2024-10-11 03:41:00,43.65,43.65,43.65,43.65,27400
VHM,2024-10-11 03:42:00,43.65,43.7,43.65,43.7,8200
VHM,2024-10-11 03:43:00,43.7,43.7,43.65,43.7,61200
VHM,2024-10-11 03:44:00,43.7,43.7,43.65,43.7,9900
VHM,2024-10-11 03:45:00,43.7,43.7,43.65,43.65,8700
VHM,2024-10-11 03:46:00,43.65,43.7,43.65,43.7,12700
VHM,2024-10-11 03:47:00,43.7,43.7,43.65,43.65,62400
VHM,2024-10-11 03:48:00,43.65,43.65,43.6,43.6,30300
VHM,2024-10-11 03:49:00,43.6,43.65,43.6,43.6,9600
VHM,2024-10-11 03:50:00,43.6,43.65,43.6,43.65,8600
VHM,2024-10-11 03:51:00,43.65,43.7,43.6,43.65,72600
VHM,2024-10-11 03:52:00,43.65,43.7,43.65,43.65,39600
VHM,2024-10-11 03:53:00,43.65,43.7,43.6,43.6,40000
VHM,2024-10-11 03:54:00,43.6,43.65,43.6,43.65,5600
VHM,2024-10-11 03:55:00,43.65,43.65,43.6,43.6,7800
VHM,2024-10-11 03:56:00,43.6,43.6,43.55,43.55,36200
VHM,2024-10-11 03:57:00,43.55,43.6,43.55,43.6,2800
VHM,2024-10-11 03:58:00,43.6,43.6,43.55,43.55,12200
VHM,2024-10-11 03:59:00,43.55,43.6,43.55,43.6,50200
VHM,2024-10-11 04:00:00,43.6,43.6,43.55,43.6,38300
VHM,2024-10-11 04:01:00,43.6,43.6,43.55,43.55,8200
VHM,2024-10-11 04:02:00,43.55,43.6,43.55,43.55,9200
VHM,2024-10-11 04:03:00,43.55,43.6,43.55,43.6,36200
VHM,2024-10-11 04:04:00,43.6,43.6,43.55,43.55,45000
VHM,2024-10-11 04:05:00,43.55,43.6,43.55,43.55,37000
VHM,2024-10-11 04:06:00,43.55,43.6,43.55,43.55,7500
VHM,2024-10-11 04:07:00,43.55,43.6,43.55,43.6,10700
VHM,2024-10-11 04:08:00,43.6,43.6,43.55,43.55,4000
VHM,2024-10-11 04:09:00,43.55,43.6,43.55,43.55,9100
VHM,2024-10-11 04:10:00,43.55,43.6,43.55,43.55,7400
VHM,2024-10-11 04:11:00,43.55,43.6,43.55,43.6,40000
VHM,2024-10-11 04:12:00,43.6,43.6,43.55,43.6,11800
VHM,2024-10-11 04:13:00,43.6,43.6,43.55,43.55,27300
VHM,2024-10-11 04:14:00,43.55,43.6,43.55,43.55,33100
VHM,2024-10-11 04:15:00,43.55,43.6,43.55,43.55,13300
VHM,2024-10-11 04:16:00,43.55,43.6,43.55,43.55,30700
VHM,2024-10-11 04:17:00,43.55,43.6,43.55,43.6,30200
VHM,2024-10-11 04:18:00,43.6,43.6,43.55,43.55,127900
VHM,2024-10-11 04:19:00,43.55,43.6,43.55,43.6,73600
VHM,2024-10-11 04:20:00,43.6,43.6,43.55,43.55,59200
VHM,2024-10-11 04:21:00,43.55,43.55,43.5,43.55,20300
VHM,2024-10-11 04:22:00,43.55,43.55,43.5,43.55,6300
VHM,2024-10-11 04:23:00,43.55,43.55,43.55,43.55,6100
VHM,2024-10-11 04:24:00,43.55,43.55,43.5,43.5,28800
VHM,2024-10-11 04:25:00,43.5,43.55,43.5,43.55,49700
VHM,2024-10-11 04:26:00,43.55,43.55,43.5,43.55,53200
VHM,2024-10-11 04:27:00,43.55,43.6,43.55,43.6,43500
VHM,2024-10-11 04:28:00,43.6,43.6,43.5,43.55,84100
VHM,2024-10-11 04:29:00,43.55,43.55,43.5,43.5,16800
VHM,2024-10-11 06:00:00,43.5,43.55,43.5,43.5,225800
VHM,2024-10-11 06:01:00,43.5,43.5,43.45,43.45,44300
VHM,2024-10-11 06:02:00,43.45,43.45,43.45,43.45,4500
VHM,2024-10-11 06:03:00,43.45,43.5,43.45,43.5,18000
VHM,2024-10-11 06:04:00,43.5,43.5,43.4,43.45,136300
VHM,2024-10-11 06:05:00,43.45,43.5,43.45,43.5,32200
VHM,2024-10-11 06:06:00,43.5,43.5,43.45,43.45,30200
VHM,2024-10-11 06:07:00,43.45,43.5,43.45,43.45,141600
VHM,2024-10-11 06:08:00,43.45,43.5,43.45,43.45,2200
VHM,2024-10-11 06:09:00,43.45,43.45,43.45,43.45,5200
VHM,2024-10-11 06:10:00,43.45,43.5,43.45,43.45,2500
VHM,2024-10-11 06:11:00,43.45,43.5,43.4,43.45,149400
VHM,2024-10-11 06:12:00,43.45,43.45,43.45,43.45,12100
VHM,2024-10-11 06:13:00,43.45,43.45,43.45,43.45,33600
VHM,2024-10-11 06:14:00,43.45,43.5,43.45,43.45,28000
VHM,2024-10-11 06:15:00,43.45,43.5,43.45,43.5,50900
VHM,2024-10-11 06:16:00,43.5,43.5,43.5,43.5,44100
VHM,2024-10-11 06:17:00,43.5,43.5,43.5,43.5,2300
VHM,2024-10-11 06:18:00,43.5,43.55,43.5,43.5,6900
VHM,2024-10-11 06:19:00,43.5,43.5,43.45,43.5,42900
VHM,2024-10-11 06:20:00,43.5,43.5,43.45,43.45,7200
VHM,2024-10-11 06:21:00,43.45,43.45,43.45,43.45,60400
VHM,2024-10-11 06:22:00,43.45,43.45,43.4,43.45,26100
VHM,2024-10-11 06:23:00,43.45,43.45,43.45,43.45,6300
VHM,2024-10-11 06:24:00,43.45,43.5,43.45,43.45,17300
VHM,2024-10-11 06:25:00,43.45,43.5,43.45,43.5,15600
VHM,2024-10-11 06:26:00,43.5,43.5,43.5,43.5,20000
VHM,2024-10-11 06:27:00,43.5,43.5,43.5,43.5,6000
VHM,2024-10-11 06:28:00,43.5,43.5,43.45,43.45,3100
VHM,2024-10-11 06:29:00,43.45,43.45,43.4,43.45,35500
VHM,2024-10-11 06:30:00,43.45,43.45,43.45,43.45,29000
VHM,2024-10-11 06:31:00,43.45,43.45,43.4,43.45,18300
VHM,2024-10-11 06:32:00,43.45,43.45,43.4,43.45,14500
VHM,2024-10-11 06:33:00,43.45,43.45,43.4,43.45,31000
VHM,2024-10-11 06:34:00,43.45,43.5,43.45,43.45,19500
VHM,2024-10-11 06:35:00,43.45,43.5,43.45,43.5,13200
VHM,2024-10-11 06:36:00,43.5,43.6,43.5,43.6,160900
VHM,2024-10-11 06:37:00,43.6,43.65,43.55,43.65,280100
VHM,2024-10-11 06:38:00,43.65,43.65,43.6,43.6,59200
VHM,2024-10-11 06:39:00,43.6,43.75,43.6,43.7,344400
VHM,2024-10-11 06:40:00,43.7,43.75,43.7,43.75,32600
VHM,2024-10-11 06:41:00,43.75,43.75,43.7,43.75,145800
VHM,2024-10-11 06:42:00,43.75,43.75,43.75,43.75,39300
VHM,2024-10-11 06:43:00,43.75,43.75,43.7,43.7,43400
VHM,2024-10-11 06:44:00,43.7,43.7,43.6,43.6,122900
VHM,2024-10-11 06:45:00,43.6,43.65,43.55,43.55,176100
VHM,2024-10-11 06:46:00,43.55,43.65,43.55,43.6,59200
VHM,2024-10-11 06:47:00,43.6,43.65,43.6,43.6,20800
VHM,2024-10-11 06:48:00,43.6,43.65,43.6,43.6,16900
VHM,2024-10-11 06:49:00,43.6,43.65,43.6,43.6,17000
VHM,2024-10-11 06:50:00,43.6,43.65,43.6,43.65,59800
VHM,2024-10-11 06:51:00,43.65,43.65,43.6,43.6,40200
VHM,2024-10-11 06:52:00,43.6,43.65,43.6,43.6,7600
VHM,2024-10-11 06:53:00,43.6,43.65,43.6,43.6,19400
VHM,2024-10-11 06:54:00,43.6,43.65,43.6,43.6,40400
VHM,2024-10-11 06:55:00,43.6,43.65,43.6,43.6,38400
VHM,2024-10-11 06:56:00,43.6,43.65,43.6,43.6,73800
VHM,2024-10-11 06:57:00,43.6,43.6,43.55,43.6,20300
VHM,2024-10-11 06:58:00,43.6,43.6,43.55,43.55,5500
VHM,2024-10-11 06:59:00,43.55,43.6,43.55,43.55,6500
VHM,2024-10-11 07:00:00,43.55,43.6,43.55,43.55,20200
VHM,2024-10-11 07:01:00,43.55,43.6,43.5,43.5,78100
VHM,2024-10-11 07:02:00,43.5,43.55,43.5,43.55,15600
VHM,2024-10-11 07:03:00,43.55,43.6,43.55,43.55,54300
VHM,2024-10-11 07:04:00,43.55,43.6,43.55,43.6,14100
VHM,2024-10-11 07:05:00,43.6,43.6,43.55,43.6,31000
VHM,2024-10-11 07:06:00,43.6,43.6,43.55,43.6,9200
VHM,2024-10-11 07:07:00,43.6,43.6,43.6,43.6,48200
VHM,2024-10-11 07:08:00,43.6,43.6,43.55,43.6,11800
VHM,2024-10-11 07:09:00,43.6,43.6,43.55,43.6,14200
VHM,2024-10-11 07:10:00,43.6,43.6,43.55,43.55,94400
VHM,2024-10-11 07:11:00,43.55,43.6,43.55,43.6,48200
VHM,2024-10-11 07:12:00,43.6,43.6,43.6,43.6,5700
VHM,2024-10-11 07:13:00,43.6,43.6,43.6,43.6,5100
VHM,2024-10-11 07:14:00,43.6,43.6,43.6,43.6,50500
VHM,2024-10-11 07:15:00,43.6,43.6,43.6,43.6,43400
VHM,2024-10-11 07:16:00,43.6,43.6,43.55,43.6,66200
VHM,2024-10-11 07:17:00,43.6,43.6,43.6,43.6,33500
VHM,2024-10-11 07:18:00,43.6,43.6,43.55,43.55,1800
VHM,2024-10-11 07:19:00,43.55,43.6,43.55,43.6,8700
VHM,2024-10-11 07:20:00,43.6,43.6,43.6,43.6,47600
VHM,2024-10-11 07:21:00,43.6,43.65,43.6,43.6,19900
VHM,2024-10-11 07:22:00,43.6,43.65,43.6,43.6,21200
VHM,2024-10-11 07:23:00,43.6,43.6,43.6,43.6,4400
VHM,2024-10-11 07:24:00,43.6,43.6,43.6,43.6,78200
VHM,2024-10-11 07:25:00,43.6,43.65,43.6,43.6,41100
VHM,2024-10-11 07:26:00,43.6,43.6,43.6,43.6,45200
VHM,2024-10-11 07:27:00,43.6,43.6,43.6,43.6,37300
VHM,2024-10-11 07:28:00,43.6,43.6,43.55,43.6,18100
VHM,2024-10-11 07:29:00,43.6,43.65,43.6,43.6,185700
VHM,2024-10-11 07:45:00,43.6,43.6,43.6,43.6,529600
VHM,2024-10-14 02:15:00,45.5,45.5,45.1,45.15,1846100
VHM,2024-10-14 02:16:00,45.15,45.4,45.15,45.35,476800
VHM,2024-10-14 02:17:00,45.35,45.5,45.3,45.4,331000
VHM,2024-10-14 02:18:00,45.4,45.6,45.4,45.6,769200
VHM,2024-10-14 02:19:00,45.6,45.75,45.55,45.75,623500
VHM,2024-10-14 02:20:00,45.75,45.85,45.7,45.85,507000
VHM,2024-10-14 02:21:00,45.85,46.0,45.85,46.0,722200
VHM,2024-10-14 02:22:00,46.0,46.25,45.95,46.25,780900
VHM,2024-10-14 02:23:00,46.25,46.4,46.2,46.4,462400
VHM,2024-10-14 02:24:00,46.4,46.4,46.25,46.25,476600
VHM,2024-10-14 02:25:00,46.25,46.3,46.1,46.1,210900
VHM,2024-10-14 02:26:00,46.1,46.15,45.9,45.95,374500
VHM,2024-10-14 02:27:00,45.95,45.95,45.85,45.95,448600
VHM,2024-10-14 02:28:00,45.95,45.95,45.9,45.9,139000
VHM,2024-10-14 02:29:00,45.9,45.9,45.85,45.85,135300
VHM,2024-10-14 02:30:00,45.85,45.9,45.85,45.85,128400
VHM,2024-10-14 02:31:00,45.85,45.85,45.7,45.7,133300
VHM,2024-10-14 02:32:00,45.7,45.8,45.65,45.75,294800
VHM,2024-10-14 02:33:00,45.75,45.9,45.7,45.9,145100
VHM,2024-10-14 02:34:00,45.9,45.9,45.75,45.75,220200
VHM,2024-10-14 02:35:00,45.75,45.8,45.75,45.8,52300
VHM,2024-10-14 02:36:00,45.8,45.85,45.75,45.85,88400
VHM,2024-10-14 02:37:00,45.85,45.85,45.75,45.8,38800
VHM,2024-10-14 02:38:00,45.8,45.85,45.8,45.85,16200
VHM,2024-10-14 02:39:00,45.85,45.85,45.8,45.8,96600
VHM,2024-10-14 02:40:00,45.8,45.8,45.75,45.8,47300
VHM,2024-10-14 02:41:00,45.8,45.8,45.75,45.75,40500
VHM,2024-10-14 02:42:00,45.75,45.8,45.7,45.7,80800
VHM,2024-10-14 02:43:00,45.7,45.75,45.7,45.7,9500
VHM,2024-10-14 02:44:00,45.7,45.7,45.7,45.7,36700
VHM,2024-10-14 02:45:00,45.7,45.7,45.6,45.6,82000
VHM,2024-10-14 02:46:00,45.6,45.65,45.55,45.55,53200
VHM,2024-10-14 02:47:00,45.55,45.6,45.55,45.55,175400
VHM,2024-10-14 02:48:00,45.55,45.6,45.55,45.55,24700
VHM,2024-10-14 02:49:00,45.55,45.6,45.55,45.55,150500
VHM,2024-10-14 02:50:00,45.55,45.6,45.55,45.55,42900
VHM,2024-10-14 02:51:00,45.55,45.65,45.55,45.65,286200
VHM,2024-10-14 02:52:00,45.65,45.75,45.65,45.7,109200
VHM,2024-10-14 02:53:00,45.7,45.75,45.7,45.7,30400
VHM,2024-10-14 02:54:00,45.7,45.8,45.7,45.8,60600
VHM,2024-10-14 02:55:00,45.8,45.9,45.75,45.85,354300
VHM,2024-10-14 02:56:00,45.85,45.85,45.8,45.85,48300
VHM,2024-10-14 02:57:00,45.85,45.85,45.75,45.75,36900
VHM,2024-10-14 02:58:00,45.75,45.8,45.75,45.75,20300
VHM,2024-10-14 02:59:00,45.75,45.75,45.65,45.65,105300
VHM,2024-10-14 03:00:00,45.65,45.65,45.6,45.6,44100
VHM,2024-10-14 03:01:00,45.6,45.65,45.6,45.6,63500
VHM,2024-10-14 03:02:00,45.6,45.7,45.6,45.65,78800
VHM,2024-10-14 03:03:00,45.65,45.7,45.65,45.7,11600
VHM,2024-10-14 03:04:00,45.7,45.7,45.65,45.65,80100
VHM,2024-10-14 03:05:00,45.65,45.7,45.6,45.65,55000
VHM,2024-10-14 03:06:00,45.65,45.7,45.6,45.7,35600
VHM,2024-10-14 03:07:00,45.7,45.7,45.65,45.7,56200
VHM,2024-10-14 03:08:00,45.7,45.7,45.65,45.7,91900
VHM,2024-10-14 03:09:00,45.7,45.75,45.7,45.7,35000
VHM,2024-10-14 03:10:00,45.7,45.75,45.7,45.7,26500
VHM,2024-10-14 03:11:00,45.7,45.75,45.7,45.7,17400
VHM,2024-10-14 03:12:00,45.7,45.75,45.7,45.75,132200
VHM,2024-10-14 03:13:00,45.75,45.75,45.7,45.75,49600
VHM,2024-10-14 03:14:00,45.75,45.75,45.7,45.7,49600
VHM,2024-10-14 03:15:00,45.7,45.7,45.65,45.65,12400
VHM,2024-10-14 03:16:00,45.65,45.65,45.6,45.6,48800
VHM,2024-10-14 03:17:00,45.6,45.65,45.6,45.6,19100
VHM,2024-10-14 03:18:00,45.6,45.7,45.6,45.65,8400
VHM,2024-10-14 03:19:00,45.65,45.65,45.6,45.65,114400
VHM,2024-10-14 03:20:00,45.65,45.65,45.6,45.6,42900
VHM,2024-10-14 03:21:00,45.6,45.65,45.6,45.65,3300
VHM,2024-10-14 03:22:00,45.65,45.65,45.55,45.6,123100
VHM,2024-10-14 03:23:00,45.6,45.6,45.6,45.6,44500
VHM,2024-10-14 03:24:00,45.6,45.6,45.55,45.6,128700
VHM,2024-10-14 03:25:00,45.6,45.65,45.6,45.65,86900
VHM,2024-10-14 03:26:00,45.65,45.65,45.6,45.6,72600
VHM,2024-10-14 03:27:00,45.6,45.65,45.6,45.65,39400
VHM,2024-10-14 03:28:00,45.65,45.65,45.6,45.65,36900
VHM,2024-10-14 03:29:00,45.65,45.65,45.6,45.65,5000
VHM,2024-10-14 03:30:00,45.65,45.7,45.6,45.6,27800
VHM,2024-10-14 03:31:00,45.6,45.7,45.6,45.65,36800
VHM,2024-10-14 03:32:00,45.65,45.7,45.65,45.65,18000
VHM,2024-10-14 03:33:00,45.65,45.7,45.65,45.65,11500
VHM,2024-10-14 03:34:00,45.65,45.7,45.65,45.65,37300
VHM,2024-10-14 03:35:00,45.65,45.7,45.65,45.7,30500
VHM,2024-10-14 03:36:00,45.7,45.7,45.65,45.7,21700
VHM,2024-10-14 03:37:00,45.7,45.7,45.65,45.7,33100
VHM,2024-10-14 03:38:00,45.7,45.7,45.65,45.65,7000
VHM,2024-10-14 03:39:00,45.65,45.7,45.65,45.65,48000
VHM,2024-10-14 03:40:00,45.65,45.65,45.6,45.65,5800
VHM,2024-10-14 03:41:00,45.65,45.65,45.6,45.65,46900
VHM,2024-10-14 03:42:00,45.65,45.65,45.6,45.6,2700
VHM,2024-10-14 03:43:00,45.6,45.65,45.6,45.65,15300
VHM,2024-10-14 03:44:00,45.65,45.65,45.6,45.65,14400
VHM,2024-10-14 03:45:00,45.65,45.65,45.6,45.6,130800
VHM,2024-10-14 03:46:00,45.6,45.6,45.55,45.6,2400
VHM,2024-10-14 03:47:00,45.6,45.6,45.5,45.5,505400
VHM,2024-10-14 03:48:00,45.5,45.5,45.4,45.4,54100
VHM,2024-10-14 03:49:00,45.4,45.55,45.4,45.5,150000
VHM,2024-10-14 03:50:00,45.5,45.55,45.5,45.5,46900
VHM,2024-10-14 03:51:00,45.5,45.5,45.45,45.45,58900
VHM,2024-10-14 03:52:00,45.45,45.5,45.4,45.4,47800
VHM,2024-10-14 03:53:00,45.4,45.45,45.4,45.4,10100
VHM,2024-10-14 03:54:00,45.4,45.45,45.4,45.45,5000
VHM,2024-10-14 03:55:00,45.45,45.45,45.4,45.4,15000
VHM,2024-10-14 03:56:00,45.4,45.4,45.3,45.3,123900
VHM,2024-10-14 03:57:00,45.3,45.3,45.25,45.3,69900
VHM,2024-10-14 03:58:00,45.3,45.35,45.3,45.35,19400
VHM,2024-10-14 03:59:00,45.35,45.35,45.3,45.3,16400
VHM,2024-10-14 04:00:00,45.3,45.4,45.3,45.35,57300
VHM,2024-10-14 04:01:00,45.35,45.4,45.35,45.35,30200
VHM,2024-10-14 04:02:00,45.35,45.4,45.3,45.35,57900
VHM,2024-10-14 04:03:00,45.35,45.4,45.35,45.4,12900
VHM,2024-10-14 04:04:00,45.4,45.4,45.4,45.4,2000
VHM,2024-10-14 04:05:00,45.4,45.4,45.35,45.4,20800
VHM,2024-10-14 04:06:00,45.4,45.4,45.4,45.4,13800
VHM,2024-10-14 04:07:00,45.4,45.4,45.35,45.4,31300
VHM,2024-10-14 04:08:00,45.4,45.4,45.35,45.4,3000
VHM,2024-10-14 04:09:00,45.4,45.4,45.35,45.35,31300
VHM,2024-10-14 04:10:00,45.35,45.35,45.3,45.3,17200
VHM,2024-10-14 04:11:00,45.3,45.35,45.3,45.35,13300
VHM,2024-10-14 04:12:00,45.35,45.35,45.35,45.35,700
VHM,2024-10-14 04:13:00,45.35,45.35,45.3,45.3,6900
VHM,2024-10-14 04:14:00,45.3,45.3,45.3,45.3,56800
VHM,2024-10-14 04:15:00,45.3,45.3,45.25,45.3,10900
VHM,2024-10-14 04:16:00,45.3,45.3,45.25,45.25,37500
VHM,2024-10-14 04:17:00,45.25,45.3,45.25,45.25,2300
VHM,2024-10-14 04:18:00,45.25,45.3,45.2,45.25,49900
VHM,2024-10-14 04:19:00,45.25,45.25,45.2,45.25,34400
VHM,2024-10-14 04:20:00,45.25,45.3,45.25,45.25,9900
VHM,2024-10-14 04:21:00,45.25,45.25,45.25,45.25,6200
VHM,2024-10-14 04:22:00,45.25,45.3,45.25,45.25,42100
VHM,2024-10-14 04:23:00,45.25,45.3,45.2,45.25,109400
VHM,2024-10-14 04:24:00,45.25,45.3,45.25,45.3,39100
VHM,2024-10-14 04:25:00,45.3,45.3,45.25,45.25,11600
VHM,2024-10-14 04:26:00,45.25,45.3,45.25,45.25,32500
VHM,2024-10-14 04:27:00,45.25,45.35,45.25,45.35,23200
VHM,2024-10-14 04:28:00,45.35,45.35,45.3,45.3,9000
VHM,2024-10-14 04:29:00,45.3,45.35,45.3,45.3,5900
VHM,2024-10-14 06:00:00,45.3,45.35,45.25,45.3,165100
VHM,2024-10-14 06:01:00,45.3,45.4,45.3,45.4,38300
VHM,2024-10-14 06:02:00,45.4,45.4,45.35,45.35,18800
VHM,2024-10-14 06:03:00,45.35,45.4,45.35,45.4,56700
VHM,2024-10-14 06:04:00,45.4,45.45,45.4,45.45,67000
VHM,2024-10-14 06:05:00,45.45,45.45,45.35,45.35,64000
VHM,2024-10-14 06:06:00,45.35,45.45,45.35,45.4,20000
VHM,2024-10-14 06:07:00,45.4,45.45,45.4,45.45,11300
VHM,2024-10-14 06:08:00,45.45,45.45,45.4,45.45,72700
VHM,2024-10-14 06:09:00,45.45,45.45,45.4,45.45,24100
VHM,2024-10-14 06:10:00,45.45,45.45,45.4,45.4,52600
VHM,2024-10-14 06:11:00,45.4,45.45,45.4,45.45,41700
VHM,2024-10-14 06:12:00,45.45,45.5,45.45,45.45,13000
VHM,2024-10-14 06:13:00,45.45,45.5,45.45,45.5,59300
VHM,2024-10-14 06:14:00,45.5,45.55,45.5,45.55,85200
VHM,2024-10-14 06:15:00,45.55,45.55,45.45,45.5,41700
VHM,2024-10-14 06:16:00,45.5,45.5,45.5,45.5,4500
VHM,2024-10-14 06:17:00,45.5,45.55,45.5,45.5,45300
VHM,2024-10-14 06:18:00,45.5,45.55,45.5,45.55,45600
VHM,2024-10-14 06:19:00,45.55,45.65,45.5,45.65,315600
VHM,2024-10-14 06:20:00,45.65,45.65,45.6,45.6,21300
VHM,2024-10-14 06:21:00,45.6,45.65,45.55,45.6,150300
VHM,2024-10-14 06:22:00,45.6,45.65,45.6,45.65,73900
VHM,2024-10-14 06:23:00,45.65,45.65,45.6,45.6,48900
VHM,2024-10-14 06:24:00,45.6,45.6,45.55,45.55,57800
VHM,2024-10-14 06:25:00,45.55,45.6,45.55,45.6,108100
VHM,2024-10-14 06:26:00,45.6,45.6,45.55,45.6,10100
VHM,2024-10-14 06:27:00,45.6,45.6,45.55,45.55,25600
VHM,2024-10-14 06:28:00,45.55,45.6,45.5,45.5,98300
VHM,2024-10-14 06:29:00,45.5,45.55,45.5,45.55,6700
VHM,2024-10-14 06:30:00,45.55,45.55,45.45,45.5,27600
VHM,2024-10-14 06:31:00,45.5,45.5,45.45,45.45,14000
VHM,2024-10-14 06:32:00,45.45,45.45,45.45,45.45,12100
VHM,2024-10-14 06:33:00,45.45,45.5,45.4,45.4,44700
VHM,2024-10-14 06:34:00,45.4,45.45,45.4,45.4,35400
VHM,2024-10-14 06:35:00,45.4,45.45,45.4,45.4,25800
VHM,2024-10-14 06:36:00,45.4,45.45,45.4,45.45,13100
VHM,2024-10-14 06:37:00,45.45,45.5,45.45,45.45,55900
VHM,2024-10-14 06:38:00,45.45,45.5,45.45,45.5,31200
VHM,2024-10-14 06:39:00,45.5,45.5,45.5,45.5,4300
VHM,2024-10-14 06:40:00,45.5,45.5,45.45,45.45,39500
VHM,2024-10-14 06:41:00,45.45,45.5,45.45,45.45,23000
VHM,2024-10-14 06:42:00,45.45,45.5,45.45,45.5,153900
VHM,2024-10-14 06:43:00,45.5,45.5,45.45,45.5,25300
VHM,2024-10-14 06:44:00,45.5,45.5,45.45,45.5,15800
VHM,2024-10-14 06:45:00,45.5,45.55,45.5,45.5,53500
VHM,2024-10-14 06:46:00,45.5,45.55,45.5,45.55,11900
VHM,2024-10-14 06:47:00,45.55,45.55,45.5,45.5,23200
VHM,2024-10-14 06:48:00,45.5,45.55,45.45,45.5,14300
VHM,2024-10-14 06:49:00,45.5,45.5,45.5,45.5,21500
VHM,2024-10-14 06:50:00,45.5,45.5,45.45,45.5,50300
VHM,2024-10-14 06:51:00,45.5,45.5,45.45,45.5,14400
VHM,2024-10-14 06:52:00,45.5,45.55,45.5,45.5,70600
VHM,2024-10-14 06:53:00,45.5,45.5,45.45,45.5,3000
VHM,2024-10-14 06:54:00,45.5,45.5,45.45,45.45,40400
VHM,2024-10-14 06:55:00,45.45,45.5,45.4,45.4,108700
VHM,2024-10-14 06:56:00,45.4,45.5,45.4,45.4,46000
VHM,2024-10-14 06:57:00,45.4,45.45,45.4,45.45,24000
VHM,2024-10-14 06:58:00,45.45,45.45,45.4,45.45,40900
VHM,2024-10-14 06:59:00,45.45,45.45,45.4,45.45,38100
VHM,2024-10-14 07:00:00,45.45,45.45,45.4,45.45,48300
VHM,2024-10-14 07:01:00,45.45,45.45,45.45,45.45,28000
VHM,2024-10-14 07:02:00,45.45,45.5,45.45,45.45,35000
VHM,2024-10-14 07:03:00,45.45,45.5,45.45,45.5,192100
VHM,2024-10-14 07:04:00,45.5,45.55,45.45,45.5,51700
VHM,2024-10-14 07:05:00,45.5,45.55,45.5,45.55,63300
VHM,2024-10-14 07:06:00,45.55,45.55,45.5,45.5,46100
VHM,2024-10-14 07:07:00,45.5,45.55,45.5,45.5,39800
VHM,2024-10-14 07:08:00,45.5,45.55,45.5,45.55,15000
VHM,2024-10-14 07:09:00,45.55,45.55,45.5,45.5,45200
VHM,2024-10-14 07:10:00,45.5,45.5,45.5,45.5,23400
VHM,2024-10-14 07:11:00,45.5,45.5,45.5,45.5,17900
VHM,2024-10-14 07:12:00,45.5,45.55,45.5,45.5,16200
VHM,2024-10-14 07:13:00,45.5,45.5,45.45,45.5,10000
VHM,2024-10-14 07:14:00,45.5,45.5,45.5,45.5,35400
VHM,2024-10-14 07:15:00,45.5,45.5,45.45,45.5,58100
VHM,2024-10-14 07:16:00,45.5,45.5,45.45,45.5,103500
VHM,2024-10-14 07:17:00,45.5,45.5,45.4,45.4,165500
VHM,2024-10-14 07:18:00,45.4,45.45,45.35,45.35,149400
VHM,2024-10-14 07:19:00,45.35,45.35,45.3,45.3,96100
VHM,2024-10-14 07:20:00,45.3,45.35,45.3,45.35,50900
VHM,2024-10-14 07:21:00,45.35,45.35,45.3,45.3,33500
VHM,2024-10-14 07:22:00,45.3,45.4,45.3,45.4,39700
VHM,2024-10-14 07:23:00,45.4,45.45,45.4,45.4,32700
VHM,2024-10-14 07:24:00,45.4,45.45,45.4,45.45,20000
VHM,2024-10-14 07:25:00,45.45,45.45,45.45,45.45,48500
VHM,2024-10-14 07:26:00,45.45,45.5,45.4,45.5,43300
VHM,2024-10-14 07:27:00,45.5,45.5,45.45,45.45,293700
VHM,2024-10-14 07:28:00,45.45,45.5,45.45,45.5,19500
VHM,2024-10-14 07:29:00,45.5,45.5,45.4,45.45,119400
VHM,2024-10-14 07:45:00,45.35,45.35,45.35,45.35,551300
VHM,2024-10-15 02:15:00,45.5,45.5,45.4,45.4,127200
VHM,2024-10-15 02:16:00,45.4,45.45,45.4,45.4,17900
VHM,2024-10-15 02:17:00,45.4,45.45,45.35,45.4,64700
VHM,2024-10-15 02:18:00,45.4,45.4,45.35,45.35,23900
VHM,2024-10-15 02:19:00,45.35,45.4,45.35,45.35,15300
VHM,2024-10-15 02:20:00,45.35,45.4,45.25,45.3,94900
VHM,2024-10-15 02:21:00,45.3,45.3,45.05,45.1,29300
VHM,2024-10-15 02:22:00,45.1,45.1,44.95,44.95,76300
VHM,2024-10-15 02:23:00,44.95,45.0,44.95,45.0,103700
VHM,2024-10-15 02:24:00,45.0,45.2,45.0,45.2,89100
VHM,2024-10-15 02:25:00,45.2,45.3,45.2,45.2,27100
VHM,2024-10-15 02:26:00,45.2,45.2,45.15,45.2,13500
VHM,2024-10-15 02:27:00,45.2,45.2,45.15,45.2,6000
VHM,2024-10-15 02:28:00,45.2,45.25,45.15,45.25,37700
VHM,2024-10-15 02:29:00,45.25,45.25,45.2,45.25,20500
VHM,2024-10-15 02:30:00,45.25,45.3,45.25,45.25,41500
VHM,2024-10-15 02:31:00,45.25,45.3,45.25,45.3,52600
VHM,2024-10-15 02:32:00,45.3,45.35,45.3,45.35,32000
VHM,2024-10-15 02:33:00,45.35,45.35,45.3,45.3,39500
VHM,2024-10-15 02:34:00,45.3,45.3,45.25,45.3,3600
VHM,2024-10-15 02:35:00,45.3,45.3,45.25,45.25,13800
VHM,2024-10-15 02:36:00,45.25,45.3,45.2,45.2,17400
VHM,2024-10-15 02:37:00,45.2,45.2,45.2,45.2,13200
VHM,2024-10-15 02:38:00,45.2,45.2,45.2,45.2,25700
VHM,2024-10-15 02:39:00,45.2,45.2,45.15,45.2,15600
VHM,2024-10-15 02:40:00,45.2,45.2,45.15,45.2,20400
VHM,2024-10-15 02:41:00,45.2,45.2,45.15,45.15,3800
VHM,2024-10-15 02:42:00,45.15,45.2,45.15,45.2,9100
VHM,2024-10-15 02:44:00,45.2,45.2,45.15,45.15,36100
VHM,2024-10-15 02:45:00,45.15,45.15,45.1,45.1,8400
VHM,2024-10-15 02:46:00,45.1,45.15,45.1,45.15,26500
VHM,2024-10-15 02:47:00,45.15,45.15,45.1,45.1,14900
VHM,2024-10-15 02:48:00,45.1,45.15,45.1,45.15,2400
VHM,2024-10-15 02:49:00,45.15,45.15,45.1,45.1,1600
VHM,2024-10-15 02:50:00,45.1,45.15,45.1,45.15,5200
VHM,2024-10-15 02:51:00,45.15,45.15,45.1,45.15,40600
VHM,2024-10-15 02:52:00,45.15,45.15,45.1,45.15,10000
VHM,2024-10-15 02:53:00,45.15,45.15,45.1,45.1,3100
VHM,2024-10-15 02:54:00,45.1,45.1,45.0,45.05,138300
VHM,2024-10-15 02:55:00,45.05,45.1,45.0,45.1,136200
VHM,2024-10-15 02:56:00,45.1,45.1,45.05,45.1,19300
VHM,2024-10-15 02:57:00,45.1,45.1,45.05,45.1,26700
VHM,2024-10-15 02:58:00,45.1,45.1,45.05,45.1,12600
VHM,2024-10-15 02:59:00,45.1,45.15,45.1,45.15,8300
VHM,2024-10-15 03:00:00,45.15,45.15,45.1,45.1,3400
VHM,2024-10-15 03:01:00,45.1,45.15,45.1,45.15,48300
VHM,2024-10-15 03:02:00,45.15,45.2,45.15,45.2,5400
VHM,2024-10-15 03:03:00,45.2,45.2,45.15,45.15,5900
VHM,2024-10-15 03:04:00,45.15,45.15,45.15,45.15,1500
VHM,2024-10-15 03:05:00,45.15,45.2,45.15,45.2,18500
VHM,2024-10-15 03:06:00,45.2,45.2,45.15,45.15,16500
VHM,2024-10-15 03:07:00,45.15,45.15,45.15,45.15,4600
VHM,2024-10-15 03:08:00,45.15,45.15,45.15,45.15,200
VHM,2024-10-15 03:09:00,45.15,45.15,45.15,45.15,10200
VHM,2024-10-15 03:10:00,45.15,45.15,45.15,45.15,13100
VHM,2024-10-15 03:11:00,45.15,45.15,45.15,45.15,16100
VHM,2024-10-15 03:12:00,45.15,45.15,45.15,45.15,4700
VHM,2024-10-15 03:13:00,45.15,45.15,45.15,45.15,2100
VHM,2024-10-15 03:14:00,45.15,45.15,45.1,45.1,10500
VHM,2024-10-15 03:15:00,45.1,45.15,45.1,45.15,2600
VHM,2024-10-15 03:16:00,45.15,45.15,45.1,45.15,28100
VHM,2024-10-15 03:17:00,45.15,45.15,45.15,45.15,36100
VHM,2024-10-15 03:18:00,45.15,45.2,45.1,45.15,45400
VHM,2024-10-15 03:19:00,45.15,45.15,45.15,45.15,1000
VHM,2024-10-15 03:20:00,45.15,45.15,45.15,45.15,8600
VHM,2024-10-15 03:21:00,45.15,45.15,45.1,45.1,31900
VHM,2024-10-15 03:22:00,45.1,45.15,45.1,45.15,10500
VHM,2024-10-15 03:23:00,45.15,45.15,45.1,45.1,1900
VHM,2024-10-15 03:24:00,45.1,45.15,45.1,45.15,1200
VHM,2024-10-15 03:25:00,45.15,45.15,45.1,45.15,3000
VHM,2024-10-15 03:26:00,45.15,45.15,45.1,45.15,33100
VHM,2024-10-15 03:27:00,45.15,45.15,45.1,45.15,55400
VHM,2024-10-15 03:28:00,45.15,45.15,45.15,45.15,5500
VHM,2024-10-15 03:29:00,45.15,45.15,45.15,45.15,10700
VHM,2024-10-15 03:30:00,45.15,45.15,45.1,45.1,1500
VHM,2024-10-15 03:31:00,45.1,45.1,45.1,45.1,7200
VHM,2024-10-15 03:32:00,45.1,45.15,45.1,45.15,18200
VHM,2024-10-15 03:33:00,45.15,45.15,45.1,45.15,48500
VHM,2024-10-15 03:34:00,45.15,45.15,45.1,45.1,56500
VHM,2024-10-15 03:35:00,45.1,45.1,45.05,45.05,89300
VHM,2024-10-15 03:37:00,45.05,45.05,45.05,45.05,6900
VHM,2024-10-15 03:38:00,45.05,45.1,45.05,45.05,30700
VHM,2024-10-15 03:39:00,45.05,45.05,45.05,45.05,10600
VHM,2024-10-15 03:40:00,45.05,45.05,45.05,45.05,14900
VHM,2024-10-15 03:41:00,45.05,45.05,45.05,45.05,65200
VHM,2024-10-15 03:42:00,45.05,45.05,45.0,45.0,31600
VHM,2024-10-15 03:43:00,45.0,45.1,45.0,45.0,25000
VHM,2024-10-15 03:44:00,45.0,45.0,44.95,44.95,195300
VHM,2024-10-15 03:45:00,44.95,44.95,44.95,44.95,55100
VHM,2024-10-15 03:46:00,44.95,44.95,44.9,44.9,63500
VHM,2024-10-15 03:47:00,44.9,44.9,44.85,44.85,62600
VHM,2024-10-15 03:48:00,44.85,44.95,44.85,44.9,89900
VHM,2024-10-15 03:49:00,44.9,44.95,44.9,44.95,31900
VHM,2024-10-15 03:50:00,44.95,44.95,44.85,44.85,108800
VHM,2024-10-15 03:51:00,44.85,44.9,44.85,44.9,13100
VHM,2024-10-15 03:52:00,44.9,44.95,44.85,44.85,140800
VHM,2024-10-15 03:53:00,44.85,44.9,44.85,44.9,2600
VHM,2024-10-15 03:54:00,44.9,44.9,44.85,44.9,82900
VHM,2024-10-15 03:55:00,44.9,44.95,44.9,44.95,26700
VHM,2024-10-15 03:56:00,44.95,44.95,44.9,44.9,90400
VHM,2024-10-15 03:57:00,44.9,45.0,44.9,45.0,12300
VHM,2024-10-15 03:58:00,45.0,45.0,44.9,44.95,5400
VHM,2024-10-15 03:59:00,44.95,44.95,44.95,44.95,1700
VHM,2024-10-15 04:00:00,44.95,44.95,44.95,44.95,7800
VHM,2024-10-15 04:01:00,44.95,45.0,44.95,45.0,14000
VHM,2024-10-15 04:02:00,45.0,45.0,44.95,44.95,1100
VHM,2024-10-15 04:03:00,44.95,45.0,44.95,45.0,10300
VHM,2024-10-15 04:04:00,45.0,45.0,44.95,44.95,6400
VHM,2024-10-15 04:05:00,44.95,44.95,44.95,44.95,14900
VHM,2024-10-15 04:06:00,44.95,45.0,44.95,44.95,2200
VHM,2024-10-15 04:07:00,44.95,44.95,44.95,44.95,12800
VHM,2024-10-15 04:08:00,44.95,44.95,44.95,44.95,9700
VHM,2024-10-15 04:09:00,44.95,45.0,44.95,45.0,13300
VHM,2024-10-15 04:10:00,45.0,45.0,45.0,45.0,4700
VHM,2024-10-15 04:11:00,45.0,45.0,44.95,45.0,2400
VHM,2024-10-15 04:12:00,45.0,45.0,44.95,44.95,2400
VHM,2024-10-15 04:13:00,44.95,44.95,44.95,44.95,700
VHM,2024-10-15 04:14:00,44.95,44.95,44.95,44.95,16700
VHM,2024-10-15 04:15:00,44.95,45.0,44.95,44.95,11100
VHM,2024-10-15 04:16:00,44.95,45.0,44.95,44.95,11000
VHM,2024-10-15 04:17:00,44.95,45.0,44.95,44.95,20600
VHM,2024-10-15 04:18:00,44.95,45.0,44.95,44.95,9600
VHM,2024-10-15 04:19:00,44.95,44.95,44.95,44.95,200
VHM,2024-10-15 04:20:00,44.95,44.95,44.9,44.95,5600
VHM,2024-10-15 04:22:00,44.95,44.95,44.9,44.95,5500
VHM,2024-10-15 04:23:00,44.95,44.95,44.95,44.95,6900
VHM,2024-10-15 04:24:00,44.95,44.95,44.9,44.95,34300
VHM,2024-10-15 04:25:00,44.95,44.95,44.95,44.95,17100
VHM,2024-10-15 04:26:00,44.95,44.95,44.95,44.95,14600
VHM,2024-10-15 04:27:00,44.95,44.95,44.95,44.95,38100
VHM,2024-10-15 04:28:00,44.95,44.95,44.95,44.95,22500
VHM,2024-10-15 04:29:00,44.95,44.95,44.9,44.95,100
VHM,2024-10-15 06:00:00,44.95,45.0,44.85,44.85,283500
VHM,2024-10-15 06:01:00,44.85,44.9,44.8,44.8,21000
VHM,2024-10-15 06:02:00,44.8,44.85,44.8,44.85,92200
VHM,2024-10-15 06:03:00,44.85,44.9,44.85,44.85,92400
VHM,2024-10-15 06:04:00,44.85,44.9,44.85,44.85,60800
VHM,2024-10-15 06:05:00,44.85,44.85,44.8,44.8,44500
VHM,2024-10-15 06:06:00,44.8,44.85,44.8,44.8,231700
VHM,2024-10-15 06:07:00,44.8,44.85,44.7,44.7,193800
VHM,2024-10-15 06:08:00,44.7,44.8,44.7,44.8,132500
VHM,2024-10-15 06:09:00,44.8,44.85,44.75,44.85,120700
VHM,2024-10-15 06:10:00,44.85,44.9,44.8,44.85,30900
VHM,2024-10-15 06:11:00,44.85,44.85,44.8,44.8,13800
VHM,2024-10-15 06:12:00,44.8,44.85,44.8,44.8,14500
VHM,2024-10-15 06:13:00,44.8,44.85,44.8,44.8,34300
VHM,2024-10-15 06:14:00,44.8,44.8,44.75,44.8,20400
VHM,2024-10-15 06:15:00,44.8,44.8,44.75,44.75,20300
VHM,2024-10-15 06:16:00,44.75,44.75,44.75,44.75,31600
VHM,2024-10-15 06:17:00,44.75,44.8,44.75,44.75,12100
VHM,2024-10-15 06:18:00,44.75,44.8,44.75,44.75,13900
VHM,2024-10-15 06:19:00,44.75,44.8,44.75,44.8,10500
VHM,2024-10-15 06:20:00,44.8,44.8,44.75,44.75,3800
VHM,2024-10-15 06:21:00,44.75,44.8,44.75,44.75,70200
VHM,2024-10-15 06:22:00,44.75,44.85,44.75,44.85,215200
VHM,2024-10-15 06:23:00,44.85,44.9,44.8,44.85,34700
VHM,2024-10-15 06:24:00,44.85,44.9,44.85,44.9,15900
VHM,2024-10-15 06:25:00,44.9,44.95,44.9,44.95,77400
VHM,2024-10-15 06:26:00,44.95,44.95,44.9,44.9,33400
VHM,2024-10-15 06:27:00,44.9,44.95,44.85,44.9,12900
VHM,2024-10-15 06:28:00,44.9,44.9,44.9,44.9,13400
VHM,2024-10-15 06:29:00,44.9,44.95,44.9,44.9,3300
VHM,2024-10-15 06:30:00,44.9,44.9,44.9,44.9,2400
VHM,2024-10-15 06:31:00,44.9,44.9,44.85,44.85,36000
VHM,2024-10-15 06:32:00,44.85,44.95,44.85,44.85,17800
VHM,2024-10-15 06:33:00,44.85,44.9,44.85,44.85,16400
VHM,2024-10-15 06:34:00,44.85,44.9,44.85,44.85,34900
VHM,2024-10-15 06:35:00,44.85,44.85,44.8,44.8,52200
VHM,2024-10-15 06:36:00,44.8,44.8,44.75,44.8,22100
VHM,2024-10-15 06:37:00,44.8,44.8,44.75,44.75,7000
VHM,2024-10-15 06:38:00,44.75,44.8,44.75,44.75,49700
VHM,2024-10-15 06:39:00,44.75,44.75,44.7,44.7,40100
VHM,2024-10-15 06:40:00,44.7,44.75,44.7,44.7,50300
VHM,2024-10-15 06:41:00,44.7,44.7,44.65,44.65,64100
VHM,2024-10-15 06:42:00,44.65,44.7,44.65,44.7,41900
VHM,2024-10-15 06:43:00,44.7,44.75,44.65,44.7,50300
VHM,2024-10-15 06:44:00,44.7,44.7,44.65,44.7,25700
VHM,2024-10-15 06:45:00,44.7,44.7,44.6,44.65,145700
VHM,2024-10-15 06:46:00,44.65,44.75,44.65,44.75,105100
VHM,2024-10-15 06:47:00,44.75,44.75,44.7,44.75,23100
VHM,2024-10-15 06:48:00,44.75,44.8,44.7,44.75,26100
VHM,2024-10-15 06:49:00,44.75,44.75,44.75,44.75,13000
VHM,2024-10-15 06:50:00,44.75,44.8,44.7,44.75,18900
VHM,2024-10-15 06:51:00,44.75,44.75,44.75,44.75,4200
VHM,2024-10-15 06:52:00,44.75,44.8,44.75,44.75,12900
VHM,2024-10-15 06:53:00,44.75,44.8,44.75,44.75,25500
VHM,2024-10-15 06:54:00,44.75,44.8,44.75,44.75,53700
VHM,2024-10-15 06:55:00,44.75,44.75,44.7,44.75,26300
VHM,2024-10-15 06:56:00,44.75,44.75,44.75,44.75,24600
VHM,2024-10-15 06:57:00,44.75,44.75,44.7,44.7,9800
VHM,2024-10-15 06:58:00,44.7,44.7,44.7,44.7,30600
VHM,2024-10-15 06:59:00,44.7,44.75,44.7,44.7,19800
VHM,2024-10-15 07:00:00,44.7,44.75,44.7,44.7,89200
VHM,2024-10-15 07:01:00,44.7,44.7,44.65,44.7,19400
VHM,2024-10-15 07:02:00,44.7,44.7,44.65,44.65,30000
VHM,2024-10-15 07:03:00,44.65,44.7,44.65,44.7,174600
VHM,2024-10-15 07:04:00,44.7,44.75,44.7,44.75,43300
VHM,2024-10-15 07:05:00,44.75,44.8,44.7,44.8,113200
VHM,2024-10-15 07:06:00,44.8,44.8,44.75,44.8,138900
VHM,2024-10-15 07:07:00,44.8,44.85,44.8,44.85,130200
VHM,2024-10-15 07:08:00,44.85,44.85,44.8,44.85,44200
VHM,2024-10-15 07:09:00,44.85,44.9,44.8,44.9,13100
VHM,2024-10-15 07:10:00,44.9,44.9,44.85,44.9,36000
VHM,2024-10-15 07:11:00,44.9,44.9,44.85,44.9,34700
VHM,2024-10-15 07:12:00,44.9,44.9,44.75,44.75,56700
VHM,2024-10-15 07:13:00,44.75,44.8,44.75,44.8,20800
VHM,2024-10-15 07:14:00,44.8,44.8,44.7,44.7,40800
VHM,2024-10-15 07:15:00,44.7,44.7,44.7,44.7,71800
VHM,2024-10-15 07:16:00,44.7,44.7,44.65,44.65,17900
VHM,2024-10-15 07:17:00,44.65,44.7,44.65,44.65,21200
VHM,2024-10-15 07:18:00,44.65,44.7,44.65,44.65,61900
VHM,2024-10-15 07:19:00,44.65,44.75,44.65,44.65,45000
VHM,2024-10-15 07:20:00,44.65,44.7,44.65,44.65,90500
VHM,2024-10-15 07:21:00,44.65,44.7,44.65,44.7,9000
VHM,2024-10-15 07:22:00,44.7,44.7,44.6,44.6,33800
VHM,2024-10-15 07:23:00,44.6,44.7,44.6,44.65,143200
VHM,2024-10-15 07:24:00,44.65,44.7,44.6,44.6,309100
VHM,2024-10-15 07:25:00,44.6,44.65,44.6,44.6,26300
VHM,2024-10-15 07:26:00,44.6,44.65,44.6,44.65,124500
VHM,2024-10-15 07:27:00,44.65,44.7,44.65,44.65,55700
VHM,2024-10-15 07:28:00,44.65,44.75,44.65,44.75,153600
VHM,2024-10-15 07:29:00,44.75,44.75,44.65,44.65,54300
VHM,2024-10-15 07:45:00,44.65,44.65,44.65,44.65,343600
VHM,2024-10-16 02:15:00,44.5,44.65,44.45,44.65,105100
VHM,2024-10-16 02:16:00,44.65,44.65,44.65,44.65,3300
VHM,2024-10-16 02:17:00,44.65,44.9,44.65,44.65,78200
VHM,2024-10-16 02:18:00,44.65,44.9,44.65,44.8,60700
VHM,2024-10-16 02:19:00,44.8,44.85,44.75,44.85,7700
VHM,2024-10-16 02:20:00,44.85,44.85,44.8,44.8,29700
VHM,2024-10-16 02:21:00,44.8,44.85,44.75,44.75,53500
VHM,2024-10-16 02:22:00,44.75,44.85,44.75,44.85,59800
VHM,2024-10-16 02:23:00,44.85,44.9,44.8,44.9,43400
VHM,2024-10-16 02:24:00,44.9,44.9,44.85,44.9,86800
VHM,2024-10-16 02:25:00,44.9,44.95,44.9,44.9,12600
VHM,2024-10-16 02:26:00,44.9,44.95,44.9,44.95,25600
VHM,2024-10-16 02:27:00,44.95,44.95,44.9,44.95,16400
VHM,2024-10-16 02:28:00,44.95,45.1,44.95,45.1,168800
VHM,2024-10-16 02:29:00,45.1,45.15,45.05,45.15,68300
VHM,2024-10-16 02:30:00,45.15,45.2,45.1,45.1,93900
VHM,2024-10-16 02:31:00,45.1,45.15,45.05,45.1,53200
VHM,2024-10-16 02:32:00,45.1,45.15,45.05,45.05,68400
VHM,2024-10-16 02:33:00,45.05,45.05,44.9,44.9,44900
VHM,2024-10-16 02:34:00,44.9,44.9,44.85,44.9,29300
VHM,2024-10-16 02:35:00,44.9,44.95,44.85,44.85,12000
VHM,2024-10-16 02:36:00,44.85,44.9,44.85,44.9,8600
VHM,2024-10-16 02:37:00,44.9,44.9,44.85,44.9,26900
VHM,2024-10-16 02:38:00,44.9,44.9,44.9,44.9,2300
VHM,2024-10-16 02:39:00,44.9,44.9,44.85,44.85,1000
VHM,2024-10-16 02:40:00,44.85,44.9,44.85,44.85,6600
VHM,2024-10-16 02:41:00,44.85,44.9,44.85,44.9,12900
VHM,2024-10-16 02:42:00,44.9,44.9,44.85,44.85,67100
VHM,2024-10-16 02:43:00,44.85,44.85,44.85,44.85,1100
VHM,2024-10-16 02:44:00,44.85,44.85,44.85,44.85,1000
VHM,2024-10-16 02:45:00,44.85,44.85,44.85,44.85,12400
VHM,2024-10-16 02:46:00,44.85,44.85,44.85,44.85,4300
VHM,2024-10-16 02:47:00,44.85,44.9,44.85,44.85,1500
VHM,2024-10-16 02:48:00,44.85,44.85,44.85,44.85,41200
VHM,2024-10-16 02:49:00,44.85,44.9,44.85,44.85,17000
VHM,2024-10-16 02:50:00,44.85,44.9,44.85,44.9,700
VHM,2024-10-16 02:51:00,44.9,44.9,44.85,44.85,10000
VHM,2024-10-16 02:52:00,44.85,44.85,44.8,44.85,19000
VHM,2024-10-16 02:53:00,44.85,44.85,44.85,44.85,1100
VHM,2024-10-16 02:54:00,44.85,44.85,44.8,44.85,8600
VHM,2024-10-16 02:55:00,44.85,44.85,44.8,44.8,11900
VHM,2024-10-16 02:56:00,44.8,44.85,44.8,44.8,6500
VHM,2024-10-16 02:57:00,44.8,44.8,44.8,44.8,7800
VHM,2024-10-16 02:58:00,44.8,44.8,44.8,44.8,12000
VHM,2024-10-16 02:59:00,44.8,44.8,44.8,44.8,12100
VHM,2024-10-16 03:00:00,44.8,44.8,44.8,44.8,11800
VHM,2024-10-16 03:01:00,44.8,44.8,44.8,44.8,6600
VHM,2024-10-16 03:02:00,44.8,44.8,44.75,44.75,20900
VHM,2024-10-16 03:03:00,44.75,44.75,44.75,44.75,13400
VHM,2024-10-16 03:04:00,44.75,44.75,44.7,44.75,32100
VHM,2024-10-16 03:05:00,44.75,44.75,44.75,44.75,15200
VHM,2024-10-16 03:06:00,44.75,44.75,44.75,44.75,17000
VHM,2024-10-16 03:07:00,44.75,44.75,44.7,44.7,5500
VHM,2024-10-16 03:08:00,44.7,44.7,44.7,44.7,700
VHM,2024-10-16 03:09:00,44.7,44.7,44.7,44.7,17400
VHM,2024-10-16 03:10:00,44.7,44.7,44.7,44.7,10500
VHM,2024-10-16 03:11:00,44.7,44.7,44.65,44.7,15300
VHM,2024-10-16 03:12:00,44.7,44.7,44.65,44.65,31300
VHM,2024-10-16 03:13:00,44.65,44.7,44.65,44.65,42700
VHM,2024-10-16 03:14:00,44.65,44.65,44.55,44.55,41100
VHM,2024-10-16 03:15:00,44.55,44.65,44.55,44.6,24500
VHM,2024-10-16 03:16:00,44.6,44.6,44.6,44.6,6200
VHM,2024-10-16 03:17:00,44.6,44.6,44.5,44.6,26200
VHM,2024-10-16 03:18:00,44.6,44.6,44.55,44.55,15000
VHM,2024-10-16 03:19:00,44.55,44.55,44.5,44.55,21900
VHM,2024-10-16 03:20:00,44.55,44.55,44.5,44.55,8600
VHM,2024-10-16 03:21:00,44.55,44.55,44.55,44.55,8900
VHM,2024-10-16 03:22:00,44.55,44.7,44.55,44.7,3000
VHM,2024-10-16 03:23:00,44.7,44.7,44.55,44.7,46000
VHM,2024-10-16 03:24:00,44.7,44.7,44.5,44.6,51600
VHM,2024-10-16 03:25:00,44.6,44.65,44.6,44.65,2100
VHM,2024-10-16 03:26:00,44.65,44.65,44.65,44.65,1000
VHM,2024-10-16 03:27:00,44.65,44.65,44.65,44.65,6500
VHM,2024-10-16 03:28:00,44.65,44.7,44.6,44.7,15900
VHM,2024-10-16 03:29:00,44.7,44.7,44.7,44.7,21300
VHM,2024-10-16 03:30:00,44.7,44.7,44.7,44.7,12100
VHM,2024-10-16 03:31:00,44.7,44.75,44.7,44.75,36500
VHM,2024-10-16 03:32:00,44.75,44.75,44.75,44.75,10100
VHM,2024-10-16 03:33:00,44.75,44.8,44.75,44.8,10000
VHM,2024-10-16 03:34:00,44.8,44.8,44.75,44.75,8500
VHM,2024-10-16 03:35:00,44.75,44.75,44.75,44.75,4700
VHM,2024-10-16 03:36:00,44.75,44.75,44.6,44.6,34100
VHM,2024-10-16 03:37:00,44.6,44.7,44.6,44.7,5200
VHM,2024-10-16 03:38:00,44.7,44.7,44.7,44.7,11900
VHM,2024-10-16 03:39:00,44.7,44.7,44.65,44.7,19800
VHM,2024-10-16 03:40:00,44.7,44.75,44.7,44.75,3300
VHM,2024-10-16 03:41:00,44.75,44.75,44.7,44.75,22400
VHM,2024-10-16 03:42:00,44.75,44.75,44.7,44.75,2500
VHM,2024-10-16 03:43:00,44.75,44.75,44.7,44.7,2600
VHM,2024-10-16 03:44:00,44.7,44.75,44.7,44.75,1100
VHM,2024-10-16 03:45:00,44.75,44.75,44.7,44.7,1000
VHM,2024-10-16 03:46:00,44.7,44.75,44.7,44.75,13000
VHM,2024-10-16 03:47:00,44.75,44.75,44.7,44.7,200
VHM,2024-10-16 03:48:00,44.7,44.75,44.7,44.75,15500
VHM,2024-10-16 03:49:00,44.75,44.75,44.65,44.65,6300
VHM,2024-10-16 03:50:00,44.65,44.7,44.65,44.65,37200
VHM,2024-10-16 03:51:00,44.65,44.75,44.65,44.7,35900
VHM,2024-10-16 03:52:00,44.7,44.7,44.7,44.7,12000
VHM,2024-10-16 03:53:00,44.7,44.75,44.7,44.7,10500
VHM,2024-10-16 03:54:00,44.7,44.75,44.7,44.7,6000
VHM,2024-10-16 03:55:00,44.7,44.75,44.65,44.65,20100
VHM,2024-10-16 03:56:00,44.65,44.65,44.65,44.65,7400
VHM,2024-10-16 03:57:00,44.65,44.7,44.65,44.7,800
VHM,2024-10-16 03:58:00,44.7,44.7,44.65,44.65,700
VHM,2024-10-16 03:59:00,44.65,44.65,44.65,44.65,12800
VHM,2024-10-16 04:00:00,44.65,44.65,44.65,44.65,2800
VHM,2024-10-16 04:01:00,44.65,44.65,44.65,44.65,10300
VHM,2024-10-16 04:02:00,44.65,44.65,44.65,44.65,3200
VHM,2024-10-16 04:03:00,44.65,44.7,44.65,44.65,2900
VHM,2024-10-16 04:04:00,44.65,44.75,44.65,44.75,2400
VHM,2024-10-16 04:05:00,44.75,44.75,44.7,44.7,1000
VHM,2024-10-16 04:06:00,44.7,44.75,44.7,44.7,1800
VHM,2024-10-16 04:07:00,44.7,44.7,44.7,44.7,700
VHM,2024-10-16 04:08:00,44.7,44.7,44.65,44.65,19300
VHM,2024-10-16 04:09:00,44.65,44.65,44.65,44.65,3800
VHM,2024-10-16 04:10:00,44.65,44.65,44.65,44.65,2800
VHM,2024-10-16 04:11:00,44.65,44.65,44.65,44.65,2700
VHM,2024-10-16 04:12:00,44.65,44.65,44.65,44.65,6400
VHM,2024-10-16 04:13:00,44.65,44.65,44.65,44.65,2700
VHM,2024-10-16 04:14:00,44.65,44.7,44.65,44.65,9400
VHM,2024-10-16 04:15:00,44.65,44.65,44.65,44.65,1800
VHM,2024-10-16 04:16:00,44.65,44.7,44.65,44.7,2800
VHM,2024-10-16 04:17:00,44.7,44.7,44.65,44.65,3700
VHM,2024-10-16 04:18:00,44.65,44.65,44.65,44.65,6400
VHM,2024-10-16 04:19:00,44.65,44.65,44.6,44.6,11000
VHM,2024-10-16 04:20:00,44.6,44.65,44.6,44.65,10500
VHM,2024-10-16 04:21:00,44.65,44.7,44.65,44.65,2600
VHM,2024-10-16 04:22:00,44.65,44.65,44.6,44.65,12700
VHM,2024-10-16 04:23:00,44.65,44.65,44.6,44.6,800
VHM,2024-10-16 04:24:00,44.6,44.65,44.6,44.65,15600
VHM,2024-10-16 04:25:00,44.65,44.7,44.65,44.7,17000
VHM,2024-10-16 04:26:00,44.7,44.7,44.6,44.6,1000
VHM,2024-10-16 04:27:00,44.6,44.7,44.6,44.6,31700
VHM,2024-10-16 04:28:00,44.6,44.65,44.6,44.65,17300
VHM,2024-10-16 04:29:00,44.65,44.65,44.65,44.65,4800
VHM,2024-10-16 06:00:00,44.65,44.8,44.55,44.55,115700
VHM,2024-10-16 06:01:00,44.55,44.65,44.55,44.65,29300
VHM,2024-10-16 06:02:00,44.65,44.7,44.65,44.65,25400
VHM,2024-10-16 06:03:00,44.65,44.7,44.65,44.7,17100
VHM,2024-10-16 06:04:00,44.7,44.75,44.7,44.7,9300
VHM,2024-10-16 06:05:00,44.7,44.75,44.65,44.7,28800
VHM,2024-10-16 06:06:00,44.7,44.7,44.65,44.65,23300
VHM,2024-10-16 06:07:00,44.65,44.65,44.65,44.65,16400
VHM,2024-10-16 06:08:00,44.65,44.7,44.65,44.65,17300
VHM,2024-10-16 06:09:00,44.65,44.65,44.65,44.65,10900
VHM,2024-10-16 06:10:00,44.65,44.65,44.65,44.65,2600
VHM,2024-10-16 06:11:00,44.65,44.7,44.65,44.65,21500
VHM,2024-10-16 06:12:00,44.65,44.65,44.65,44.65,3300
VHM,2024-10-16 06:13:00,44.65,44.65,44.65,44.65,5900
VHM,2024-10-16 06:14:00,44.65,44.65,44.65,44.65,11900
VHM,2024-10-16 06:15:00,44.65,44.65,44.65,44.65,7900
VHM,2024-10-16 06:16:00,44.65,44.65,44.6,44.6,14100
VHM,2024-10-16 06:17:00,44.6,44.65,44.6,44.6,38600
VHM,2024-10-16 06:18:00,44.6,44.6,44.6,44.6,21600
VHM,2024-10-16 06:19:00,44.6,44.6,44.6,44.6,4000
VHM,2024-10-16 06:20:00,44.6,44.65,44.6,44.6,6300
VHM,2024-10-16 06:21:00,44.6,44.6,44.6,44.6,4200
VHM,2024-10-16 06:22:00,44.6,44.6,44.6,44.6,3000
VHM,2024-10-16 06:23:00,44.6,44.65,44.6,44.65,7400
VHM,2024-10-16 06:24:00,44.65,44.65,44.6,44.6,13400
VHM,2024-10-16 06:25:00,44.6,44.65,44.6,44.6,30900
VHM,2024-10-16 06:26:00,44.6,44.65,44.6,44.65,2000
VHM,2024-10-16 06:27:00,44.65,44.65,44.6,44.6,41900
VHM,2024-10-16 06:28:00,44.6,44.65,44.6,44.6,11700
VHM,2024-10-16 06:29:00,44.6,44.65,44.6,44.6,9800
VHM,2024-10-16 06:30:00,44.6,44.65,44.6,44.6,3100
VHM,2024-10-16 06:31:00,44.6,44.65,44.6,44.6,12900
VHM,2024-10-16 06:32:00,44.6,44.65,44.6,44.65,7800
VHM,2024-10-16 06:33:00,44.65,44.65,44.6,44.65,24300
VHM,2024-10-16 06:34:00,44.65,44.65,44.65,44.65,18600
VHM,2024-10-16 06:35:00,44.65,44.65,44.6,44.6,37100
VHM,2024-10-16 06:36:00,44.6,44.6,44.6,44.6,29400
VHM,2024-10-16 06:37:00,44.6,44.65,44.6,44.6,17700
VHM,2024-10-16 06:38:00,44.6,44.6,44.55,44.55,28100
VHM,2024-10-16 06:39:00,44.55,44.6,44.55,44.55,33700
VHM,2024-10-16 06:40:00,44.55,44.65,44.55,44.65,50100
VHM,2024-10-16 06:41:00,44.65,44.65,44.6,44.6,7900
VHM,2024-10-16 06:42:00,44.6,44.65,44.6,44.6,31500
VHM,2024-10-16 06:43:00,44.6,44.65,44.6,44.65,25400
VHM,2024-10-16 06:44:00,44.65,44.7,44.6,44.6,29200
VHM,2024-10-16 06:45:00,44.6,44.7,44.6,44.7,5000
VHM,2024-10-16 06:46:00,44.7,44.75,44.65,44.7,39900
VHM,2024-10-16 06:47:00,44.7,44.7,44.65,44.65,21700
VHM,2024-10-16 06:48:00,44.65,44.7,44.65,44.7,5500
VHM,2024-10-16 06:49:00,44.7,44.75,44.7,44.7,34900
VHM,2024-10-16 06:50:00,44.7,44.8,44.7,44.8,12100
VHM,2024-10-16 06:51:00,44.8,44.85,44.75,44.75,74200
VHM,2024-10-16 06:52:00,44.75,44.8,44.75,44.8,17200
VHM,2024-10-16 06:53:00,44.8,44.85,44.75,44.8,57800
VHM,2024-10-16 06:54:00,44.8,44.9,44.8,44.9,104100
VHM,2024-10-16 06:55:00,44.9,45.05,44.85,45.05,536800
VHM,2024-10-16 06:56:00,45.05,45.05,44.9,45.0,214100
VHM,2024-10-16 06:57:00,45.0,45.0,44.9,44.9,79000
VHM,2024-10-16 06:58:00,44.9,44.9,44.85,44.85,19700
VHM,2024-10-16 06:59:00,44.85,44.85,44.85,44.85,33700
VHM,2024-10-16 07:00:00,44.85,44.85,44.8,44.8,38100
VHM,2024-10-16 07:01:00,44.8,44.8,44.8,44.8,7600
VHM,2024-10-16 07:02:00,44.8,44.8,44.75,44.75,37200
VHM,2024-10-16 07:03:00,44.75,44.8,44.75,44.8,41400
VHM,2024-10-16 07:04:00,44.8,44.8,44.75,44.75,23200
VHM,2024-10-16 07:05:00,44.75,44.75,44.7,44.7,111300
VHM,2024-10-16 07:06:00,44.7,44.75,44.7,44.7,19600
VHM,2024-10-16 07:07:00,44.7,44.75,44.7,44.75,12300
VHM,2024-10-16 07:08:00,44.75,44.8,44.7,44.7,83900
VHM,2024-10-16 07:09:00,44.7,44.8,44.7,44.8,40100
VHM,2024-10-16 07:10:00,44.8,44.8,44.8,44.8,18900
VHM,2024-10-16 07:11:00,44.8,44.8,44.75,44.75,13400
VHM,2024-10-16 07:12:00,44.75,44.8,44.7,44.7,79800
VHM,2024-10-16 07:13:00,44.7,44.75,44.7,44.7,23900
VHM,2024-10-16 07:14:00,44.7,44.7,44.65,44.65,74700
VHM,2024-10-16 07:15:00,44.65,44.65,44.6,44.6,32600
VHM,2024-10-16 07:16:00,44.6,44.65,44.6,44.65,77000
VHM,2024-10-16 07:17:00,44.65,44.8,44.65,44.8,140200
VHM,2024-10-16 07:18:00,44.8,44.85,44.75,44.85,68700
VHM,2024-10-16 07:19:00,44.85,44.9,44.8,44.85,85800
VHM,2024-10-16 07:20:00,44.85,44.85,44.8,44.8,22100
VHM,2024-10-16 07:21:00,44.8,44.85,44.8,44.8,60500
VHM,2024-10-16 07:22:00,44.8,44.8,44.75,44.75,21000
VHM,2024-10-16 07:23:00,44.75,44.8,44.75,44.8,18500
VHM,2024-10-16 07:24:00,44.8,44.8,44.75,44.8,13600
VHM,2024-10-16 07:25:00,44.8,44.85,44.75,44.85,28200
VHM,2024-10-16 07:26:00,44.85,44.9,44.8,44.85,116400
VHM,2024-10-16 07:27:00,44.85,44.85,44.85,44.85,42600
VHM,2024-10-16 07:28:00,44.85,45.0,44.85,44.95,234900
VHM,2024-10-16 07:29:00,44.95,45.0,44.95,45.0,154200
VHM,2024-10-16 07:45:00,45.0,45.0,45.0,45.0,380100
VHM,2024-10-17 02:15:00,45.1,45.15,45.1,45.15,46200
VHM,2024-10-17 02:16:00,45.15,45.5,45.15,45.3,99900
VHM,2024-10-17 02:17:00,45.3,45.3,45.15,45.2,3300
VHM,2024-10-17 02:18:00,45.2,45.3,45.2,45.25,28100
VHM,2024-10-17 02:19:00,45.25,45.3,45.2,45.25,82500
VHM,2024-10-17 02:20:00,45.25,45.3,45.25,45.25,16200
VHM,2024-10-17 02:21:00,45.25,45.3,45.2,45.2,53300
VHM,2024-10-17 02:22:00,45.2,45.2,45.15,45.2,38100
VHM,2024-10-17 02:23:00,45.2,45.2,45.15,45.15,3400
VHM,2024-10-17 02:24:00,45.15,45.2,45.1,45.15,44300
VHM,2024-10-17 02:25:00,45.15,45.15,45.1,45.1,148400
VHM,2024-10-17 02:26:00,45.1,45.2,45.1,45.15,23800
VHM,2024-10-17 02:27:00,45.15,45.15,45.1,45.1,28400
VHM,2024-10-17 02:28:00,45.1,45.2,45.1,45.15,12800
VHM,2024-10-17 02:29:00,45.15,45.2,45.15,45.2,38400
VHM,2024-10-17 02:30:00,45.2,45.2,45.2,45.2,16300
VHM,2024-10-17 02:31:00,45.2,45.25,45.2,45.2,2500
VHM,2024-10-17 02:32:00,45.2,45.2,45.15,45.15,21600
VHM,2024-10-17 02:33:00,45.15,45.2,45.1,45.15,12000
VHM,2024-10-17 02:34:00,45.15,45.15,45.15,45.15,10300
VHM,2024-10-17 02:35:00,45.15,45.15,45.1,45.15,9400
VHM,2024-10-17 02:36:00,45.15,45.15,45.1,45.15,1000
VHM,2024-10-17 02:37:00,45.15,45.15,45.1,45.1,6500
VHM,2024-10-17 02:38:00,45.1,45.15,45.1,45.1,14700
VHM,2024-10-17 02:39:00,45.1,45.15,45.1,45.1,3400
VHM,2024-10-17 02:40:00,45.1,45.15,45.1,45.15,34800
VHM,2024-10-17 02:41:00,45.15,45.2,45.15,45.2,12600
VHM,2024-10-17 02:42:00,45.2,45.2,45.15,45.2,6000
VHM,2024-10-17 02:43:00,45.2,45.2,45.2,45.2,20300
VHM,2024-10-17 02:44:00,45.2,45.2,45.15,45.2,23500
VHM,2024-10-17 02:45:00,45.2,45.2,45.15,45.15,400
VHM,2024-10-17 02:46:00,45.15,45.2,45.15,45.15,37000
VHM,2024-10-17 02:47:00,45.15,45.15,45.15,45.15,47600
VHM,2024-10-17 02:48:00,45.15,45.2,45.15,45.2,3800
VHM,2024-10-17 02:49:00,45.2,45.2,45.15,45.2,1500
VHM,2024-10-17 02:50:00,45.2,45.2,45.15,45.15,5500
VHM,2024-10-17 02:51:00,45.15,45.2,45.15,45.15,6900
VHM,2024-10-17 02:52:00,45.15,45.2,45.1,45.1,30700
VHM,2024-10-17 02:53:00,45.1,45.2,45.1,45.2,21600
VHM,2024-10-17 02:54:00,45.2,45.2,45.15,45.2,60400
VHM,2024-10-17 02:55:00,45.2,45.2,45.15,45.2,9700
VHM,2024-10-17 02:56:00,45.2,45.2,45.15,45.15,1700
VHM,2024-10-17 02:57:00,45.15,45.2,45.15,45.15,2900
VHM,2024-10-17 02:58:00,45.15,45.2,45.15,45.2,37700
VHM,2024-10-17 02:59:00,45.2,45.2,45.15,45.2,57500
VHM,2024-10-17 03:00:00,45.2,45.2,45.2,45.2,3800
VHM,2024-10-17 03:01:00,45.2,45.2,45.15,45.15,3100
VHM,2024-10-17 03:02:00,45.15,45.2,45.15,45.2,5900
VHM,2024-10-17 03:03:00,45.2,45.2,45.15,45.15,1700
VHM,2024-10-17 03:04:00,45.15,45.2,45.15,45.2,49500
VHM,2024-10-17 03:05:00,45.2,45.2,45.1,45.1,108300
VHM,2024-10-17 03:06:00,45.1,45.1,45.05,45.1,18200
VHM,2024-10-17 03:07:00,45.1,45.1,45.1,45.1,5000
VHM,2024-10-17 03:08:00,45.1,45.1,45.05,45.1,8500
VHM,2024-10-17 03:09:00,45.1,45.1,45.05,45.05,2800
VHM,2024-10-17 03:10:00,45.05,45.1,45.05,45.05,7700
VHM,2024-10-17 03:11:00,45.05,45.05,45.0,45.0,591000
VHM,2024-10-17 03:12:00,45.0,45.05,44.95,45.0,72600
VHM,2024-10-17 03:13:00,45.0,45.05,45.0,45.0,24400
VHM,2024-10-17 03:14:00,45.0,45.0,45.0,45.0,32500
VHM,2024-10-17 03:15:00,45.0,45.05,45.0,45.0,5400
VHM,2024-10-17 03:16:00,45.0,45.05,45.0,45.05,16100
VHM,2024-10-17 03:17:00,45.05,45.1,45.05,45.05,32400
VHM,2024-10-17 03:18:00,45.05,45.05,45.05,45.05,38100
VHM,2024-10-17 03:19:00,45.05,45.05,45.0,45.0,29000
VHM,2024-10-17 03:20:00,45.0,45.05,45.0,45.0,72200
VHM,2024-10-17 03:21:00,45.0,45.0,44.95,45.0,25800
VHM,2024-10-17 03:22:00,45.0,45.0,44.95,45.0,4000
VHM,2024-10-17 03:23:00,45.0,45.0,44.95,45.0,1800
VHM,2024-10-17 03:24:00,45.0,45.05,44.95,45.05,19300
VHM,2024-10-17 03:25:00,45.05,45.05,45.0,45.0,1600
VHM,2024-10-17 03:26:00,45.0,45.05,45.0,45.05,2500
VHM,2024-10-17 03:27:00,45.05,45.05,45.0,45.0,17200
VHM,2024-10-17 03:28:00,45.0,45.05,45.0,45.05,5700
VHM,2024-10-17 03:29:00,45.05,45.05,45.0,45.0,2200
VHM,2024-10-17 03:30:00,45.0,45.05,45.0,45.0,3400
VHM,2024-10-17 03:31:00,45.0,45.05,45.0,45.0,23500
VHM,2024-10-17 03:32:00,45.0,45.0,44.95,44.95,3700
VHM,2024-10-17 03:33:00,44.95,45.0,44.95,45.0,13700
VHM,2024-10-17 03:34:00,45.0,45.0,45.0,45.0,13000
VHM,2024-10-17 03:35:00,45.0,45.0,44.95,45.0,11800
VHM,2024-10-17 03:36:00,45.0,45.0,45.0,45.0,900
VHM,2024-10-17 03:37:00,45.0,45.0,44.95,45.0,27800
VHM,2024-10-17 03:38:00,45.0,45.0,44.95,44.95,600
VHM,2024-10-17 03:39:00,44.95,45.0,44.95,44.95,7800
VHM,2024-10-17 03:40:00,44.95,45.0,44.95,44.95,16400
VHM,2024-10-17 03:41:00,44.95,45.0,44.95,44.95,13500
VHM,2024-10-17 03:42:00,44.95,45.0,44.95,45.0,700
VHM,2024-10-17 03:43:00,45.0,45.0,44.95,44.95,400
VHM,2024-10-17 03:44:00,44.95,45.0,44.95,45.0,11100
VHM,2024-10-17 03:45:00,45.0,45.0,44.95,44.95,200
VHM,2024-10-17 03:46:00,44.95,45.0,44.95,45.0,2500
VHM,2024-10-17 03:47:00,45.0,45.05,45.0,45.05,204400
VHM,2024-10-17 03:48:00,45.05,45.05,45.0,45.05,2400
VHM,2024-10-17 03:49:00,45.05,45.05,45.0,45.0,1200
VHM,2024-10-17 03:50:00,45.0,45.05,45.0,45.05,17600
VHM,2024-10-17 03:51:00,45.05,45.05,45.05,45.05,300
VHM,2024-10-17 03:52:00,45.05,45.05,45.0,45.0,400
VHM,2024-10-17 03:53:00,45.0,45.05,45.0,45.0,2500
VHM,2024-10-17 03:54:00,45.0,45.05,45.0,45.0,19400
VHM,2024-10-17 03:55:00,45.0,45.05,45.0,45.0,3400
VHM,2024-10-17 03:56:00,45.0,45.05,45.0,45.05,4900
VHM,2024-10-17 03:57:00,45.05,45.05,45.0,45.0,3400
VHM,2024-10-17 03:58:00,45.0,45.05,45.0,45.0,300
VHM,2024-10-17 03:59:00,45.0,45.05,45.0,45.05,14900
VHM,2024-10-17 04:00:00,45.05,45.05,45.0,45.05,10300
VHM,2024-10-17 04:01:00,45.05,45.05,45.0,45.05,24800
VHM,2024-10-17 04:02:00,45.05,45.05,45.05,45.05,17400
VHM,2024-10-17 04:03:00,45.05,45.1,45.05,45.05,12200
VHM,2024-10-17 04:04:00,45.05,45.05,45.05,45.05,3200
VHM,2024-10-17 04:05:00,45.05,45.05,45.05,45.05,8200
VHM,2024-10-17 04:06:00,45.05,45.05,45.0,45.0,7700
VHM,2024-10-17 04:07:00,45.0,45.05,45.0,45.0,500
VHM,2024-10-17 04:08:00,45.0,45.05,45.0,45.0,9700
VHM,2024-10-17 04:09:00,45.0,45.05,45.0,45.0,5400
VHM,2024-10-17 04:10:00,45.0,45.05,45.0,45.05,27900
VHM,2024-10-17 04:11:00,45.05,45.05,45.0,45.0,30200
VHM,2024-10-17 04:12:00,45.0,45.0,44.95,44.95,22600
VHM,2024-10-17 04:13:00,44.95,45.0,44.95,44.95,39300
VHM,2024-10-17 04:14:00,44.95,45.0,44.9,44.9,36600
VHM,2024-10-17 04:15:00,44.9,44.95,44.9,44.95,14900
VHM,2024-10-17 04:16:00,44.95,44.95,44.9,44.9,33500
VHM,2024-10-17 04:17:00,44.9,44.95,44.9,44.9,18300
VHM,2024-10-17 04:18:00,44.9,44.95,44.85,44.85,33200
VHM,2024-10-17 04:19:00,44.85,44.9,44.85,44.9,3400
VHM,2024-10-17 04:20:00,44.9,44.9,44.85,44.9,45000
VHM,2024-10-17 04:21:00,44.9,44.9,44.85,44.9,24800
VHM,2024-10-17 04:22:00,44.9,44.9,44.85,44.9,1500
VHM,2024-10-17 04:23:00,44.9,44.95,44.85,44.85,6600
VHM,2024-10-17 04:24:00,44.85,44.85,44.85,44.85,18000
VHM,2024-10-17 04:25:00,44.85,44.85,44.8,44.85,12000
VHM,2024-10-17 04:26:00,44.85,44.9,44.85,44.9,9400
VHM,2024-10-17 04:27:00,44.9,44.9,44.85,44.9,5900
VHM,2024-10-17 04:28:00,44.9,44.9,44.85,44.9,6100
VHM,2024-10-17 04:29:00,44.9,44.9,44.85,44.85,900
VHM,2024-10-17 06:00:00,44.85,44.9,44.8,44.8,80400
VHM,2024-10-17 06:01:00,44.8,44.85,44.8,44.8,27100
VHM,2024-10-17 06:02:00,44.8,44.85,44.8,44.85,27600
VHM,2024-10-17 06:03:00,44.85,44.85,44.8,44.85,24500
VHM,2024-10-17 06:04:00,44.85,44.85,44.8,44.85,18900
VHM,2024-10-17 06:05:00,44.85,44.85,44.8,44.85,9800
VHM,2024-10-17 06:06:00,44.85,44.9,44.85,44.85,5500
VHM,2024-10-17 06:07:00,44.85,44.9,44.85,44.85,12900
VHM,2024-10-17 06:08:00,44.85,44.9,44.85,44.9,57300
VHM,2024-10-17 06:09:00,44.9,44.9,44.85,44.9,17100
VHM,2024-10-17 06:10:00,44.9,44.95,44.9,44.9,6300
VHM,2024-10-17 06:11:00,44.9,44.95,44.9,44.9,23400
VHM,2024-10-17 06:12:00,44.9,44.95,44.9,44.9,2700
VHM,2024-10-17 06:13:00,44.9,44.95,44.9,44.9,12100
VHM,2024-10-17 06:14:00,44.9,44.95,44.9,44.9,23900
VHM,2024-10-17 06:15:00,44.9,44.95,44.9,44.95,23400
VHM,2024-10-17 06:16:00,44.95,44.95,44.85,44.95,33000
VHM,2024-10-17 06:17:00,44.95,44.95,44.9,44.95,7900
VHM,2024-10-17 06:18:00,44.95,44.95,44.9,44.95,26000
VHM,2024-10-17 06:19:00,44.95,45.0,44.95,44.95,5700
VHM,2024-10-17 06:20:00,44.95,44.95,44.9,44.95,21000
VHM,2024-10-17 06:21:00,44.95,44.95,44.9,44.95,16400
VHM,2024-10-17 06:22:00,44.95,45.0,44.95,45.0,60700
VHM,2024-10-17 06:23:00,45.0,45.0,44.95,45.0,2600
VHM,2024-10-17 06:24:00,45.0,45.0,44.95,44.95,60600
VHM,2024-10-17 06:25:00,44.95,44.95,44.9,44.95,11000
VHM,2024-10-17 06:26:00,44.95,44.95,44.85,44.85,27000
VHM,2024-10-17 06:27:00,44.85,44.95,44.85,44.9,6500
VHM,2024-10-17 06:28:00,44.9,44.95,44.9,44.9,3300
VHM,2024-10-17 06:29:00,44.9,44.95,44.9,44.9,10900
VHM,2024-10-17 06:30:00,44.9,44.95,44.9,44.9,18400
VHM,2024-10-17 06:31:00,44.9,44.95,44.85,44.9,29400
VHM,2024-10-17 06:32:00,44.9,44.9,44.85,44.9,700
VHM,2024-10-17 06:33:00,44.9,44.95,44.85,44.9,22500
VHM,2024-10-17 06:34:00,44.9,44.95,44.9,44.95,10400
VHM,2024-10-17 06:35:00,44.95,44.95,44.9,44.95,5300
VHM,2024-10-17 06:36:00,44.95,44.95,44.9,44.9,11100
VHM,2024-10-17 06:37:00,44.9,44.95,44.9,44.95,3300
VHM,2024-10-17 06:38:00,44.95,44.95,44.9,44.95,6600
VHM,2024-10-17 06:39:00,44.95,44.95,44.9,44.95,17400
VHM,2024-10-17 06:40:00,44.95,44.95,44.9,44.95,10600
VHM,2024-10-17 06:41:00,44.95,44.95,44.9,44.95,45100
VHM,2024-10-17 06:42:00,44.95,45.0,44.95,44.95,69000
VHM,2024-10-17 06:43:00,44.95,45.05,44.95,45.05,83800
VHM,2024-10-17 06:44:00,45.05,45.1,45.0,45.1,93300
VHM,2024-10-17 06:45:00,45.1,45.1,45.0,45.05,16100
VHM,2024-10-17 06:46:00,45.05,45.05,45.0,45.05,16300
VHM,2024-10-17 06:47:00,45.05,45.05,45.0,45.05,37400
VHM,2024-10-17 06:48:00,45.05,45.05,44.95,45.0,98400
VHM,2024-10-17 06:49:00,45.0,45.0,44.95,45.0,17500
VHM,2024-10-17 06:50:00,45.0,45.0,44.95,44.95,28100
VHM,2024-10-17 06:51:00,44.95,45.0,44.95,45.0,16000
VHM,2024-10-17 06:52:00,45.0,45.0,44.95,45.0,17500
VHM,2024-10-17 06:53:00,45.0,45.0,44.95,45.0,13500
VHM,2024-10-17 06:54:00,45.0,45.0,44.95,44.95,2600
VHM,2024-10-17 06:55:00,44.95,45.0,44.95,44.95,7600
VHM,2024-10-17 06:56:00,44.95,45.0,44.95,45.0,5000
VHM,2024-10-17 06:57:00,45.0,45.0,44.95,45.0,1800
VHM,2024-10-17 06:58:00,45.0,45.0,44.95,45.0,18200
VHM,2024-10-17 06:59:00,45.0,45.0,44.95,45.0,700
VHM,2024-10-17 07:00:00,45.0,45.0,44.95,45.0,3600
VHM,2024-10-17 07:01:00,45.0,45.0,44.95,45.0,8400
VHM,2024-10-17 07:02:00,45.0,45.0,44.95,45.0,17500
VHM,2024-10-17 07:03:00,45.0,45.0,44.95,45.0,1400
VHM,2024-10-17 07:04:00,45.0,45.0,44.95,44.95,12000
VHM,2024-10-17 07:05:00,44.95,45.0,44.95,45.0,14900
VHM,2024-10-17 07:06:00,45.0,45.0,44.95,44.95,9700
VHM,2024-10-17 07:07:00,44.95,45.0,44.95,44.95,17400
VHM,2024-10-17 07:08:00,44.95,45.0,44.95,44.95,1300
VHM,2024-10-17 07:09:00,44.95,44.95,44.9,44.95,17300
VHM,2024-10-17 07:10:00,44.95,44.95,44.9,44.95,1800
VHM,2024-10-17 07:11:00,44.95,45.0,44.95,44.95,20000
VHM,2024-10-17 07:12:00,44.95,45.0,44.95,44.95,3400
VHM,2024-10-17 07:13:00,44.95,45.0,44.95,44.95,11100
VHM,2024-10-17 07:14:00,44.95,45.05,44.95,45.0,174200
VHM,2024-10-17 07:15:00,45.0,45.05,45.0,45.0,54600
VHM,2024-10-17 07:16:00,45.0,45.05,44.95,44.95,65600
VHM,2024-10-17 07:17:00,44.95,45.05,44.95,45.05,44100
VHM,2024-10-17 07:18:00,45.05,45.1,45.0,45.05,185900
VHM,2024-10-17 07:19:00,45.05,45.1,45.05,45.1,38300
VHM,2024-10-17 07:20:00,45.1,45.15,45.05,45.1,91300
VHM,2024-10-17 07:21:00,45.1,45.1,45.05,45.1,118800
VHM,2024-10-17 07:22:00,45.1,45.1,45.0,45.05,55100
VHM,2024-10-17 07:23:00,45.05,45.05,45.0,45.05,20600
VHM,2024-10-17 07:24:00,45.05,45.1,45.0,45.05,69000
VHM,2024-10-17 07:25:00,45.05,45.05,45.0,45.0,79100
VHM,2024-10-17 07:26:00,45.0,45.05,44.95,45.0,146800
VHM,2024-10-17 07:27:00,45.0,45.0,44.95,45.0,96600
VHM,2024-10-17 07:28:00,45.0,45.0,44.95,45.0,56500
VHM,2024-10-17 07:29:00,45.0,45.1,44.95,45.1,134300
VHM,2024-10-17 07:45:00,45.1,45.1,45.1,45.1,406600
VHM,2024-10-18 02:15:00,45.7,45.8,45.6,45.75,409500
VHM,2024-10-18 02:16:00,45.75,46.0,45.75,45.95,331400
VHM,2024-10-18 02:17:00,45.95,46.0,45.9,45.9,131600
VHM,2024-10-18 02:18:00,45.9,45.9,45.8,45.85,56300
VHM,2024-10-18 02:19:00,45.85,45.9,45.8,45.8,93800
VHM,2024-10-18 02:20:00,45.8,45.8,45.7,45.7,80200
VHM,2024-10-18 02:21:00,45.7,45.7,45.55,45.6,42600
VHM,2024-10-18 02:22:00,45.6,45.6,45.55,45.55,24500
VHM,2024-10-18 02:23:00,45.55,45.6,45.5,45.5,50600
VHM,2024-10-18 02:24:00,45.5,45.5,45.45,45.45,14200
VHM,2024-10-18 02:25:00,45.45,45.5,45.45,45.5,83600
VHM,2024-10-18 02:26:00,45.5,45.55,45.5,45.55,29200
VHM,2024-10-18 02:27:00,45.55,45.6,45.55,45.6,42500
VHM,2024-10-18 02:28:00,45.6,45.7,45.6,45.7,13800
VHM,2024-10-18 02:29:00,45.7,45.8,45.65,45.75,235900
VHM,2024-10-18 02:30:00,45.75,45.8,45.75,45.75,118500
VHM,2024-10-18 02:31:00,45.75,45.75,45.75,45.75,70700
VHM,2024-10-18 02:32:00,45.75,45.75,45.7,45.75,54500
VHM,2024-10-18 02:33:00,45.75,45.75,45.7,45.7,44100
VHM,2024-10-18 02:34:00,45.7,45.75,45.7,45.7,70900
VHM,2024-10-18 02:35:00,45.7,45.7,45.7,45.7,16900
VHM,2024-10-18 02:36:00,45.7,45.75,45.7,45.7,59800
VHM,2024-10-18 02:37:00,45.7,45.7,45.7,45.7,16300
VHM,2024-10-18 02:38:00,45.7,45.7,45.65,45.65,14800
VHM,2024-10-18 02:39:00,45.65,45.7,45.65,45.65,7000
VHM,2024-10-18 02:40:00,45.65,45.65,45.6,45.6,31900
VHM,2024-10-18 02:41:00,45.6,45.65,45.6,45.6,66900
VHM,2024-10-18 02:42:00,45.6,45.6,45.55,45.6,12700
VHM,2024-10-18 02:43:00,45.6,45.6,45.55,45.6,12800
VHM,2024-10-18 02:44:00,45.6,45.6,45.55,45.55,21900
VHM,2024-10-18 02:45:00,45.55,45.55,45.55,45.55,29500
VHM,2024-10-18 02:46:00,45.55,45.55,45.5,45.55,46200
VHM,2024-10-18 02:47:00,45.55,45.6,45.55,45.55,20700
VHM,2024-10-18 02:48:00,45.55,45.6,45.55,45.55,6000
VHM,2024-10-18 02:49:00,45.55,45.6,45.55,45.6,26900
VHM,2024-10-18 02:50:00,45.6,45.6,45.55,45.55,4200
VHM,2024-10-18 02:51:00,45.55,45.6,45.5,45.5,144700
VHM,2024-10-18 02:52:00,45.5,45.5,45.5,45.5,26800
VHM,2024-10-18 02:53:00,45.5,45.55,45.45,45.5,58200
VHM,2024-10-18 02:54:00,45.5,45.5,45.45,45.5,22200
VHM,2024-10-18 02:55:00,45.5,45.5,45.5,45.5,45800
VHM,2024-10-18 02:56:00,45.5,45.5,45.5,45.5,8800
VHM,2024-10-18 02:57:00,45.5,45.5,45.5,45.5,35700
VHM,2024-10-18 02:58:00,45.5,45.55,45.5,45.55,25200
VHM,2024-10-18 02:59:00,45.55,45.55,45.5,45.5,16300
VHM,2024-10-18 03:00:00,45.5,45.5,45.5,45.5,38000
VHM,2024-10-18 03:01:00,45.5,45.5,45.5,45.5,43800
VHM,2024-10-18 03:02:00,45.5,45.55,45.5,45.5,18500
VHM,2024-10-18 03:03:00,45.5,45.5,45.45,45.45,5100
VHM,2024-10-18 03:04:00,45.45,45.5,45.45,45.5,8000
VHM,2024-10-18 03:05:00,45.5,45.5,45.5,45.5,48900
VHM,2024-10-18 03:06:00,45.5,45.5,45.45,45.5,24800
VHM,2024-10-18 03:07:00,45.5,45.5,45.45,45.5,18900
VHM,2024-10-18 03:08:00,45.5,45.5,45.5,45.5,49400
VHM,2024-10-18 03:09:00,45.5,45.5,45.45,45.45,3800
VHM,2024-10-18 03:10:00,45.45,45.45,45.45,45.45,100
VHM,2024-10-18 03:11:00,45.45,45.5,45.45,45.45,2000
VHM,2024-10-18 03:12:00,45.45,45.5,45.45,45.45,86900
VHM,2024-10-18 03:13:00,45.45,45.45,45.4,45.4,28700
VHM,2024-10-18 03:14:00,45.4,45.45,45.4,45.4,11100
VHM,2024-10-18 03:15:00,45.4,45.45,45.3,45.3,40300
VHM,2024-10-18 03:16:00,45.3,45.3,45.25,45.3,34000
VHM,2024-10-18 03:17:00,45.3,45.3,45.25,45.25,33500
VHM,2024-10-18 03:18:00,45.25,45.25,45.2,45.25,46700
VHM,2024-10-18 03:19:00,45.25,45.25,45.2,45.2,21300
VHM,2024-10-18 03:20:00,45.2,45.25,45.2,45.25,102100
VHM,2024-10-18 03:21:00,45.25,45.25,45.2,45.2,14000
VHM,2024-10-18 03:22:00,45.2,45.25,45.2,45.25,200
VHM,2024-10-18 03:23:00,45.25,45.25,45.25,45.25,67100
VHM,2024-10-18 03:24:00,45.25,45.3,45.25,45.3,4400
VHM,2024-10-18 03:25:00,45.3,45.3,45.3,45.3,12800
VHM,2024-10-18 03:26:00,45.3,45.3,45.25,45.3,9200
VHM,2024-10-18 03:27:00,45.3,45.3,45.25,45.25,34000
VHM,2024-10-18 03:28:00,45.25,45.25,45.25,45.25,19900
VHM,2024-10-18 03:29:00,45.25,45.3,45.25,45.3,14000
VHM,2024-10-18 03:30:00,45.3,45.3,45.25,45.25,35200
VHM,2024-10-18 03:31:00,45.25,45.25,45.25,45.25,83200
VHM,2024-10-18 03:32:00,45.25,45.25,45.25,45.25,6200
VHM,2024-10-18 03:33:00,45.25,45.25,45.25,45.25,12000
VHM,2024-10-18 03:34:00,45.25,45.25,45.25,45.25,12100
VHM,2024-10-18 03:35:00,45.25,45.25,45.25,45.25,3700
VHM,2024-10-18 03:36:00,45.25,45.25,45.25,45.25,12900
VHM,2024-10-18 03:37:00,45.25,45.25,45.25,45.25,1800
VHM,2024-10-18 03:38:00,45.25,45.25,45.25,45.25,50000
VHM,2024-10-18 03:39:00,45.25,45.25,45.25,45.25,7500
VHM,2024-10-18 03:40:00,45.25,45.25,45.25,45.25,900
VHM,2024-10-18 03:41:00,45.25,45.25,45.25,45.25,29800
VHM,2024-10-18 03:42:00,45.25,45.25,45.25,45.25,22400
VHM,2024-10-18 03:43:00,45.25,45.25,45.2,45.25,1800
VHM,2024-10-18 03:44:00,45.25,45.25,45.25,45.25,1000
VHM,2024-10-18 03:45:00,45.25,45.25,45.2,45.2,5000
VHM,2024-10-18 03:46:00,45.2,45.25,45.2,45.25,31700
VHM,2024-10-18 03:47:00,45.25,45.25,45.25,45.25,7900
VHM,2024-10-18 03:48:00,45.25,45.25,45.25,45.25,25200
VHM,2024-10-18 03:49:00,45.25,45.25,45.25,45.25,7200
VHM,2024-10-18 03:50:00,45.25,45.25,45.25,45.25,20300
VHM,2024-10-18 03:51:00,45.25,45.25,45.2,45.2,600
VHM,2024-10-18 03:52:00,45.2,45.2,45.2,45.2,86500
VHM,2024-10-18 03:53:00,45.2,45.25,45.2,45.2,6400
VHM,2024-10-18 03:54:00,45.2,45.2,45.15,45.15,200
VHM,2024-10-18 03:55:00,45.15,45.2,45.15,45.2,2200
VHM,2024-10-18 03:56:00,45.2,45.2,45.2,45.2,1600
VHM,2024-10-18 03:57:00,45.2,45.2,45.15,45.15,44700
VHM,2024-10-18 03:58:00,45.15,45.15,45.15,45.15,2400
VHM,2024-10-18 03:59:00,45.15,45.15,45.15,45.15,5500
VHM,2024-10-18 04:00:00,45.15,45.2,45.15,45.15,83400
VHM,2024-10-18 04:01:00,45.15,45.15,45.15,45.15,9300
VHM,2024-10-18 04:02:00,45.15,45.15,45.15,45.15,17200
VHM,2024-10-18 04:03:00,45.15,45.15,45.15,45.15,3300
VHM,2024-10-18 04:04:00,45.15,45.15,45.15,45.15,30000
VHM,2024-10-18 04:05:00,45.15,45.15,45.15,45.15,1600
VHM,2024-10-18 04:06:00,45.15,45.2,45.15,45.2,7700
VHM,2024-10-18 04:07:00,45.2,45.2,45.2,45.2,25100
VHM,2024-10-18 04:08:00,45.2,45.2,45.15,45.15,14700
VHM,2024-10-18 04:09:00,45.15,45.2,45.15,45.2,10800
VHM,2024-10-18 04:10:00,45.2,45.2,45.2,45.2,2100
VHM,2024-10-18 04:11:00,45.2,45.2,45.2,45.2,300
VHM,2024-10-18 04:12:00,45.2,45.2,45.2,45.2,1200
VHM,2024-10-18 04:13:00,45.2,45.2,45.15,45.2,17900
VHM,2024-10-18 04:14:00,45.2,45.2,45.2,45.2,800
VHM,2024-10-18 04:15:00,45.2,45.2,45.2,45.2,11800
VHM,2024-10-18 04:16:00,45.2,45.2,45.2,45.2,500
VHM,2024-10-18 04:17:00,45.2,45.2,45.2,45.2,7100
VHM,2024-10-18 04:18:00,45.2,45.2,45.2,45.2,200
VHM,2024-10-18 04:19:00,45.2,45.2,45.2,45.2,12800
VHM,2024-10-18 04:20:00,45.2,45.2,45.15,45.15,2900
VHM,2024-10-18 04:22:00,45.15,45.2,45.15,45.2,16300
VHM,2024-10-18 04:23:00,45.2,45.2,45.2,45.2,25500
VHM,2024-10-18 04:24:00,45.2,45.25,45.2,45.25,100
VHM,2024-10-18 04:25:00,45.25,45.25,45.2,45.2,5600
VHM,2024-10-18 04:26:00,45.2,45.25,45.2,45.25,2300
VHM,2024-10-18 04:27:00,45.25,45.25,45.25,45.25,46000
VHM,2024-10-18 04:28:00,45.25,45.25,45.2,45.2,12500
VHM,2024-10-18 04:29:00,45.2,45.2,45.2,45.2,11800
VHM,2024-10-18 06:00:00,45.2,45.25,45.2,45.2,157800
VHM,2024-10-18 06:01:00,45.2,45.25,45.2,45.2,12100
VHM,2024-10-18 06:02:00,45.2,45.25,45.2,45.2,7700
VHM,2024-10-18 06:03:00,45.2,45.25,45.2,45.2,20100
VHM,2024-10-18 06:04:00,45.2,45.25,45.2,45.25,17200
VHM,2024-10-18 06:05:00,45.25,45.25,45.2,45.2,1200
VHM,2024-10-18 06:06:00,45.2,45.25,45.2,45.25,500
VHM,2024-10-18 06:07:00,45.25,45.25,45.2,45.2,2600
VHM,2024-10-18 06:08:00,45.2,45.25,45.2,45.2,3600
VHM,2024-10-18 06:09:00,45.2,45.25,45.2,45.25,2000
VHM,2024-10-18 06:10:00,45.25,45.3,45.25,45.3,56100
VHM,2024-10-18 06:11:00,45.3,45.35,45.3,45.35,96600
VHM,2024-10-18 06:12:00,45.35,45.4,45.35,45.4,65200
VHM,2024-10-18 06:13:00,45.4,45.45,45.4,45.45,39300
VHM,2024-10-18 06:14:00,45.45,45.45,45.4,45.4,25800
VHM,2024-10-18 06:15:00,45.4,45.45,45.4,45.45,61700
VHM,2024-10-18 06:16:00,45.45,45.45,45.4,45.4,56100
VHM,2024-10-18 06:17:00,45.4,45.4,45.4,45.4,1100
VHM,2024-10-18 06:18:00,45.4,45.4,45.3,45.3,19500
VHM,2024-10-18 06:19:00,45.3,45.35,45.3,45.3,1600
VHM,2024-10-18 06:20:00,45.3,45.35,45.3,45.3,20000
VHM,2024-10-18 06:21:00,45.3,45.35,45.3,45.3,20900
VHM,2024-10-18 06:22:00,45.3,45.3,45.25,45.3,6300
VHM,2024-10-18 06:24:00,45.3,45.3,45.25,45.3,69500
VHM,2024-10-18 06:25:00,45.3,45.3,45.3,45.3,600
VHM,2024-10-18 06:26:00,45.3,45.3,45.25,45.25,1500
VHM,2024-10-18 06:27:00,45.25,45.3,45.25,45.3,6300
VHM,2024-10-18 06:28:00,45.3,45.3,45.25,45.3,34600
VHM,2024-10-18 06:29:00,45.3,45.3,45.3,45.3,3800
VHM,2024-10-18 06:30:00,45.3,45.3,45.25,45.25,2500
VHM,2024-10-18 06:31:00,45.25,45.3,45.25,45.3,9300
VHM,2024-10-18 06:32:00,45.3,45.35,45.3,45.3,70200
VHM,2024-10-18 06:33:00,45.3,45.35,45.3,45.35,26000
VHM,2024-10-18 06:34:00,45.35,45.35,45.3,45.3,2200
VHM,2024-10-18 06:35:00,45.3,45.35,45.3,45.35,2400
VHM,2024-10-18 06:36:00,45.35,45.4,45.35,45.35,53900
VHM,2024-10-18 06:37:00,45.35,45.4,45.35,45.4,39700
VHM,2024-10-18 06:38:00,45.4,45.4,45.35,45.4,55700
VHM,2024-10-18 06:39:00,45.4,45.45,45.4,45.45,43300
VHM,2024-10-18 06:40:00,45.45,45.45,45.4,45.4,22100
VHM,2024-10-18 06:41:00,45.4,45.45,45.35,45.35,17300
VHM,2024-10-18 06:42:00,45.35,45.45,45.35,45.4,24800
VHM,2024-10-18 06:43:00,45.4,45.4,45.4,45.4,14000
VHM,2024-10-18 06:44:00,45.4,45.4,45.35,45.35,7700
VHM,2024-10-18 06:45:00,45.35,45.4,45.35,45.4,5800
VHM,2024-10-18 06:46:00,45.4,45.4,45.35,45.35,32900
VHM,2024-10-18 06:47:00,45.35,45.4,45.35,45.35,19100
VHM,2024-10-18 06:48:00,45.35,45.4,45.35,45.35,800
VHM,2024-10-18 06:49:00,45.35,45.4,45.35,45.35,34500
VHM,2024-10-18 06:50:00,45.35,45.35,45.35,45.35,8000
VHM,2024-10-18 06:51:00,45.35,45.4,45.3,45.35,30400
VHM,2024-10-18 06:52:00,45.35,45.4,45.35,45.35,6400
VHM,2024-10-18 06:53:00,45.35,45.45,45.35,45.45,125400
VHM,2024-10-18 06:54:00,45.45,45.45,45.4,45.45,23000
VHM,2024-10-18 06:55:00,45.45,45.45,45.4,45.4,24700
VHM,2024-10-18 06:56:00,45.4,45.45,45.4,45.45,28900
VHM,2024-10-18 06:57:00,45.45,45.45,45.4,45.45,9300
VHM,2024-10-18 06:58:00,45.45,45.5,45.45,45.5,194800
VHM,2024-10-18 06:59:00,45.5,45.5,45.5,45.5,186200
VHM,2024-10-18 07:00:00,45.5,45.55,45.5,45.5,93800
VHM,2024-10-18 07:01:00,45.5,45.55,45.5,45.55,13300
VHM,2024-10-18 07:02:00,45.55,45.55,45.45,45.5,183600
VHM,2024-10-18 07:03:00,45.5,45.5,45.4,45.45,85600
VHM,2024-10-18 07:04:00,45.45,45.45,45.4,45.4,39800
VHM,2024-10-18 07:05:00,45.4,45.45,45.4,45.45,18700
VHM,2024-10-18 07:06:00,45.45,45.45,45.4,45.4,53100
VHM,2024-10-18 07:07:00,45.4,45.45,45.4,45.45,39600
VHM,2024-10-18 07:08:00,45.45,45.5,45.45,45.5,53000
VHM,2024-10-18 07:09:00,45.5,45.5,45.4,45.4,16000
VHM,2024-10-18 07:10:00,45.4,45.5,45.4,45.5,17900
VHM,2024-10-18 07:11:00,45.5,45.5,45.45,45.5,91700
VHM,2024-10-18 07:12:00,45.5,45.5,45.45,45.5,27500
VHM,2024-10-18 07:13:00,45.5,45.5,45.45,45.5,24100
VHM,2024-10-18 07:14:00,45.5,45.5,45.45,45.5,86000
VHM,2024-10-18 07:15:00,45.5,45.55,45.5,45.55,66200
VHM,2024-10-18 07:16:00,45.55,45.6,45.5,45.55,79700
VHM,2024-10-18 07:17:00,45.55,45.6,45.55,45.55,77000
VHM,2024-10-18 07:18:00,45.55,45.6,45.55,45.6,35600
VHM,2024-10-18 07:19:00,45.6,45.6,45.5,45.5,144100
VHM,2024-10-18 07:20:00,45.5,45.55,45.35,45.4,144400
VHM,2024-10-18 07:21:00,45.4,45.4,45.35,45.4,61400
VHM,2024-10-18 07:22:00,45.4,45.4,45.35,45.35,110700
VHM,2024-10-18 07:23:00,45.35,45.4,45.3,45.35,75300
VHM,2024-10-18 07:24:00,45.35,45.4,45.35,45.35,40300
VHM,2024-10-18 07:25:00,45.35,45.4,45.35,45.4,32100
VHM,2024-10-18 07:26:00,45.4,45.45,45.35,45.45,74000
VHM,2024-10-18 07:27:00,45.45,45.5,45.45,45.45,35800
VHM,2024-10-18 07:28:00,45.45,45.45,45.35,45.4,151400
VHM,2024-10-18 07:29:00,45.4,45.45,45.25,45.25,68300
VHM,2024-10-18 07:45:00,45.25,45.25,45.25,45.25,461400
VHM,2024-10-21 02:15:00,45.5,45.6,45.5,45.55,97600
VHM,2024-10-21 02:16:00,45.55,45.7,45.5,45.7,40400
VHM,2024-10-21 02:17:00,45.7,45.9,45.7,45.85,113900
VHM,2024-10-21 02:18:00,45.85,45.85,45.6,45.8,120000
VHM,2024-10-21 02:19:00,45.8,45.8,45.75,45.75,51900
VHM,2024-10-21 02:20:00,45.75,45.85,45.7,45.8,87600
VHM,2024-10-21 02:21:00,45.8,45.8,45.75,45.75,70400
VHM,2024-10-21 02:22:00,45.75,45.85,45.75,45.8,120600
VHM,2024-10-21 02:23:00,45.8,45.95,45.8,45.95,288100
VHM,2024-10-21 02:24:00,45.95,46.1,45.9,46.1,394700
VHM,2024-10-21 02:25:00,46.1,46.15,46.05,46.15,105100
VHM,2024-10-21 02:26:00,46.15,46.2,46.1,46.2,131200
VHM,2024-10-21 02:27:00,46.2,46.2,46.1,46.1,133400
VHM,2024-10-21 02:28:00,46.1,46.15,46.0,46.0,223800
VHM,2024-10-21 02:29:00,46.0,46.0,45.9,45.9,137700
VHM,2024-10-21 02:30:00,45.9,45.95,45.85,45.9,57000
VHM,2024-10-21 02:31:00,45.9,45.9,45.85,45.9,90300
VHM,2024-10-21 02:32:00,45.9,45.95,45.9,45.9,80600
VHM,2024-10-21 02:33:00,45.9,45.95,45.9,45.95,20100
VHM,2024-10-21 02:34:00,45.95,46.0,45.9,45.95,85100
VHM,2024-10-21 02:35:00,45.95,46.0,45.95,45.95,47600
VHM,2024-10-21 02:36:00,45.95,46.1,45.95,46.05,307200
VHM,2024-10-21 02:37:00,46.05,46.15,46.05,46.1,134900
VHM,2024-10-21 02:38:00,46.1,46.2,46.1,46.2,91600
VHM,2024-10-21 02:39:00,46.2,46.3,46.15,46.3,404100
VHM,2024-10-21 02:40:00,46.3,46.35,46.25,46.3,310000
VHM,2024-10-21 02:41:00,46.3,46.3,46.25,46.3,137800
VHM,2024-10-21 02:42:00,46.3,46.4,46.3,46.4,221000
VHM,2024-10-21 02:43:00,46.4,46.4,46.3,46.35,164300
VHM,2024-10-21 02:44:00,46.35,46.35,46.3,46.3,40500
VHM,2024-10-21 02:45:00,46.3,46.35,46.25,46.3,186500
VHM,2024-10-21 02:46:00,46.3,46.35,46.25,46.25,47300
VHM,2024-10-21 02:47:00,46.25,46.3,46.2,46.2,44800
VHM,2024-10-21 02:48:00,46.2,46.25,46.2,46.2,32500
VHM,2024-10-21 02:49:00,46.2,46.3,46.2,46.25,56300
VHM,2024-10-21 02:50:00,46.25,46.3,46.2,46.25,42200
VHM,2024-10-21 02:51:00,46.25,46.25,46.2,46.2,48200
VHM,2024-10-21 02:52:00,46.2,46.25,46.2,46.25,24300
VHM,2024-10-21 02:53:00,46.25,46.25,46.2,46.25,39400
VHM,2024-10-21 02:54:00,46.25,46.3,46.2,46.25,67100
VHM,2024-10-21 02:55:00,46.25,46.25,46.2,46.2,36800
VHM,2024-10-21 02:56:00,46.2,46.25,46.2,46.2,32900
VHM,2024-10-21 02:57:00,46.2,46.25,46.2,46.2,72400
VHM,2024-10-21 02:58:00,46.2,46.2,46.15,46.15,18900
VHM,2024-10-21 02:59:00,46.15,46.2,46.15,46.15,7300
VHM,2024-10-21 03:00:00,46.15,46.2,46.15,46.15,22000
VHM,2024-10-21 03:01:00,46.15,46.2,46.15,46.15,5800
VHM,2024-10-21 03:02:00,46.15,46.2,46.15,46.15,60100
VHM,2024-10-21 03:03:00,46.15,46.15,46.1,46.15,18000
VHM,2024-10-21 03:04:00,46.15,46.2,46.1,46.2,40800
VHM,2024-10-21 03:05:00,46.2,46.2,46.15,46.2,73700
VHM,2024-10-21 03:06:00,46.2,46.3,46.2,46.25,184800
VHM,2024-10-21 03:07:00,46.25,46.4,46.25,46.4,618100
VHM,2024-10-21 03:08:00,46.4,46.7,46.4,46.6,1289100
VHM,2024-10-21 03:09:00,46.6,46.75,46.6,46.75,149000
VHM,2024-10-21 03:10:00,46.75,46.75,46.65,46.7,106000
VHM,2024-10-21 03:11:00,46.7,46.7,46.65,46.65,124300
VHM,2024-10-21 03:12:00,46.65,46.7,46.65,46.65,35400
VHM,2024-10-21 03:13:00,46.65,46.7,46.6,46.65,34300
VHM,2024-10-21 03:14:00,46.65,46.7,46.6,46.65,36900
VHM,2024-10-21 03:15:00,46.65,46.8,46.65,46.8,294100
VHM,2024-10-21 03:16:00,46.8,46.95,46.8,46.95,328800
VHM,2024-10-21 03:17:00,46.95,47.05,46.9,47.05,696800
VHM,2024-10-21 03:18:00,47.05,47.4,47.05,47.35,294100
VHM,2024-10-21 03:19:00,47.35,47.55,47.35,47.55,532900
VHM,2024-10-21 03:20:00,47.55,47.6,47.5,47.55,231200
VHM,2024-10-21 03:21:00,47.55,47.6,47.5,47.55,110100
VHM,2024-10-21 03:22:00,47.55,47.55,47.4,47.4,128500
VHM,2024-10-21 03:23:00,47.4,47.45,47.3,47.4,96000
VHM,2024-10-21 03:24:00,47.4,47.4,47.35,47.35,136800
VHM,2024-10-21 03:25:00,47.35,47.4,47.25,47.3,41100
VHM,2024-10-21 03:26:00,47.3,47.3,47.1,47.15,32400
VHM,2024-10-21 03:27:00,47.15,47.2,47.1,47.2,53000
VHM,2024-10-21 03:28:00,47.2,47.25,47.15,47.25,50400
VHM,2024-10-21 03:29:00,47.25,47.3,47.25,47.25,76400
VHM,2024-10-21 03:30:00,47.25,47.3,47.2,47.25,87100
VHM,2024-10-21 03:31:00,47.25,47.25,47.2,47.25,9400
VHM,2024-10-21 03:32:00,47.25,47.25,47.2,47.25,32000
VHM,2024-10-21 03:33:00,47.25,47.25,47.2,47.25,24300
VHM,2024-10-21 03:34:00,47.25,47.25,47.2,47.2,96300
VHM,2024-10-21 03:35:00,47.2,47.25,47.2,47.2,52200
VHM,2024-10-21 03:36:00,47.2,47.25,47.2,47.2,46100
VHM,2024-10-21 03:37:00,47.2,47.2,47.15,47.15,56900
VHM,2024-10-21 03:38:00,47.15,47.2,47.15,47.15,15100
VHM,2024-10-21 03:39:00,47.15,47.2,47.1,47.15,72800
VHM,2024-10-21 03:40:00,47.15,47.25,47.15,47.2,95600
VHM,2024-10-21 03:41:00,47.2,47.35,47.2,47.35,398500
VHM,2024-10-21 03:42:00,47.35,47.4,47.35,47.4,45500
VHM,2024-10-21 03:43:00,47.4,47.4,47.3,47.35,44600
VHM,2024-10-21 03:44:00,47.35,47.35,47.3,47.35,4800
VHM,2024-10-21 03:45:00,47.35,47.35,47.25,47.3,54800
VHM,2024-10-21 03:46:00,47.3,47.3,47.25,47.3,44200
VHM,2024-10-21 03:47:00,47.3,47.3,47.25,47.25,27100
VHM,2024-10-21 03:48:00,47.25,47.3,47.25,47.3,21400
VHM,2024-10-21 03:49:00,47.3,47.3,47.25,47.3,73500
VHM,2024-10-21 03:50:00,47.3,47.3,47.25,47.25,43000
VHM,2024-10-21 03:51:00,47.25,47.3,47.2,47.2,31100
VHM,2024-10-21 03:52:00,47.2,47.25,47.2,47.25,26500
VHM,2024-10-21 03:53:00,47.25,47.25,47.2,47.25,53600
VHM,2024-10-21 03:54:00,47.25,47.25,47.15,47.2,47700
VHM,2024-10-21 03:55:00,47.2,47.2,47.1,47.1,65700
VHM,2024-10-21 03:56:00,47.1,47.1,47.0,47.0,49600
VHM,2024-10-21 03:57:00,47.0,47.05,47.0,47.0,143500
VHM,2024-10-21 03:58:00,47.0,47.1,47.0,47.0,32200
VHM,2024-10-21 03:59:00,47.0,47.05,47.0,47.05,28600
VHM,2024-10-21 04:00:00,47.05,47.1,47.05,47.1,16400
VHM,2024-10-21 04:01:00,47.1,47.1,47.1,47.1,4300
VHM,2024-10-21 04:02:00,47.1,47.1,47.05,47.05,9400
VHM,2024-10-21 04:03:00,47.05,47.05,47.05,47.05,14300
VHM,2024-10-21 04:04:00,47.05,47.05,47.0,47.05,23100
VHM,2024-10-21 04:05:00,47.05,47.1,47.05,47.05,10300
VHM,2024-10-21 04:06:00,47.05,47.1,47.05,47.05,8400
VHM,2024-10-21 04:07:00,47.05,47.1,47.05,47.1,42000
VHM,2024-10-21 04:08:00,47.1,47.15,47.1,47.1,29400
VHM,2024-10-21 04:09:00,47.1,47.15,47.1,47.15,12800
VHM,2024-10-21 04:10:00,47.15,47.15,47.15,47.15,12600
VHM,2024-10-21 04:11:00,47.15,47.2,47.15,47.2,22500
VHM,2024-10-21 04:12:00,47.2,47.2,47.15,47.2,67800
VHM,2024-10-21 04:13:00,47.2,47.2,47.15,47.2,19000
VHM,2024-10-21 04:14:00,47.2,47.25,47.15,47.2,25900
VHM,2024-10-21 04:15:00,47.2,47.2,47.15,47.15,9000
VHM,2024-10-21 04:16:00,47.15,47.2,47.15,47.2,10500
VHM,2024-10-21 04:17:00,47.2,47.2,47.15,47.15,28700
VHM,2024-10-21 04:18:00,47.15,47.2,47.15,47.2,11400
VHM,2024-10-21 04:19:00,47.2,47.2,47.15,47.2,13100
VHM,2024-10-21 04:20:00,47.2,47.2,47.15,47.15,32500
VHM,2024-10-21 04:21:00,47.15,47.25,47.15,47.2,56200
VHM,2024-10-21 04:22:00,47.2,47.25,47.2,47.2,83500
VHM,2024-10-21 04:23:00,47.2,47.2,47.2,47.2,48000
VHM,2024-10-21 04:24:00,47.2,47.2,47.15,47.15,36400
VHM,2024-10-21 04:25:00,47.15,47.2,47.15,47.2,13200
VHM,2024-10-21 04:26:00,47.2,47.2,47.15,47.2,15000
VHM,2024-10-21 04:27:00,47.2,47.2,47.15,47.2,20600
VHM,2024-10-21 04:28:00,47.2,47.2,47.15,47.15,58300
VHM,2024-10-21 04:29:00,47.15,47.15,47.15,47.15,40500
VHM,2024-10-21 06:00:00,47.15,47.2,47.1,47.15,92600
VHM,2024-10-21 06:01:00,47.15,47.15,47.1,47.15,51800
VHM,2024-10-21 06:02:00,47.15,47.2,47.1,47.15,111900
VHM,2024-10-21 06:03:00,47.15,47.2,47.15,47.2,146000
VHM,2024-10-21 06:04:00,47.2,47.25,47.2,47.25,21300
VHM,2024-10-21 06:05:00,47.25,47.25,47.2,47.25,74000
VHM,2024-10-21 06:06:00,47.25,47.25,47.2,47.25,31500
VHM,2024-10-21 06:07:00,47.25,47.25,47.2,47.2,15700
VHM,2024-10-21 06:08:00,47.2,47.25,47.2,47.25,44200
VHM,2024-10-21 06:09:00,47.25,47.3,47.25,47.25,29700
VHM,2024-10-21 06:10:00,47.25,47.3,47.25,47.3,28400
VHM,2024-10-21 06:11:00,47.3,47.3,47.25,47.25,37000
VHM,2024-10-21 06:12:00,47.25,47.3,47.25,47.3,11300
VHM,2024-10-21 06:13:00,47.3,47.3,47.25,47.25,23300
VHM,2024-10-21 06:14:00,47.25,47.3,47.2,47.2,87000
VHM,2024-10-21 06:15:00,47.2,47.25,47.2,47.25,18600
VHM,2024-10-21 06:16:00,47.25,47.25,47.2,47.2,4000
VHM,2024-10-21 06:17:00,47.2,47.25,47.2,47.2,50500
VHM,2024-10-21 06:18:00,47.2,47.25,47.2,47.2,48800
VHM,2024-10-21 06:19:00,47.2,47.2,47.15,47.2,10300
VHM,2024-10-21 06:20:00,47.2,47.2,47.15,47.2,56800
VHM,2024-10-21 06:21:00,47.2,47.2,47.15,47.15,57300
VHM,2024-10-21 06:22:00,47.15,47.2,47.15,47.2,28900
VHM,2024-10-21 06:23:00,47.2,47.2,47.15,47.15,20900
VHM,2024-10-21 06:24:00,47.15,47.2,47.15,47.15,21700
VHM,2024-10-21 06:25:00,47.15,47.2,47.15,47.2,61300
VHM,2024-10-21 06:26:00,47.2,47.2,47.15,47.2,33100
VHM,2024-10-21 06:27:00,47.2,47.2,47.15,47.2,50700
VHM,2024-10-21 06:28:00,47.2,47.2,47.15,47.2,39300
VHM,2024-10-21 06:29:00,47.2,47.2,47.15,47.2,18400
VHM,2024-10-21 06:30:00,47.2,47.2,47.15,47.2,16400
VHM,2024-10-21 06:31:00,47.2,47.2,47.15,47.2,9700
VHM,2024-10-21 06:32:00,47.2,47.2,47.15,47.2,17100
VHM,2024-10-21 06:33:00,47.2,47.2,47.15,47.15,19400
VHM,2024-10-21 06:34:00,47.15,47.2,47.15,47.2,8700
VHM,2024-10-21 06:35:00,47.2,47.2,47.15,47.15,4800
VHM,2024-10-21 06:36:00,47.15,47.25,47.15,47.25,162200
VHM,2024-10-21 06:37:00,47.25,47.25,47.2,47.2,111500
VHM,2024-10-21 06:38:00,47.2,47.25,47.2,47.25,26000
VHM,2024-10-21 06:39:00,47.25,47.25,47.2,47.2,1700
VHM,2024-10-21 06:40:00,47.2,47.25,47.2,47.25,13400
VHM,2024-10-21 06:41:00,47.25,47.25,47.25,47.25,7200
VHM,2024-10-21 06:42:00,47.25,47.25,47.2,47.25,26300
VHM,2024-10-21 06:43:00,47.25,47.25,47.2,47.25,21100
VHM,2024-10-21 06:44:00,47.25,47.25,47.2,47.25,17500
VHM,2024-10-21 06:45:00,47.25,47.25,47.2,47.25,47800
VHM,2024-10-21 06:46:00,47.25,47.25,47.2,47.25,33400
VHM,2024-10-21 06:47:00,47.25,47.3,47.2,47.25,166000
VHM,2024-10-21 06:48:00,47.25,47.25,47.2,47.25,46800
VHM,2024-10-21 06:49:00,47.25,47.25,47.2,47.25,17400
VHM,2024-10-21 06:50:00,47.25,47.25,47.2,47.2,55600
VHM,2024-10-21 06:51:00,47.2,47.25,47.2,47.25,17600
VHM,2024-10-21 06:52:00,47.25,47.25,47.2,47.2,229700
VHM,2024-10-21 06:53:00,47.2,47.25,47.15,47.2,99700
VHM,2024-10-21 06:54:00,47.2,47.2,47.15,47.2,15800
VHM,2024-10-21 06:55:00,47.2,47.2,47.15,47.2,20300
VHM,2024-10-21 06:56:00,47.2,47.2,47.15,47.2,15000
VHM,2024-10-21 06:57:00,47.2,47.2,47.15,47.2,60600
VHM,2024-10-21 06:58:00,47.2,47.25,47.2,47.25,116600
VHM,2024-10-21 06:59:00,47.25,47.25,47.2,47.25,29700
VHM,2024-10-21 07:00:00,47.25,47.25,47.2,47.25,14300
VHM,2024-10-21 07:01:00,47.25,47.25,47.2,47.25,24600
VHM,2024-10-21 07:02:00,47.25,47.25,47.2,47.2,45400
VHM,2024-10-21 07:03:00,47.2,47.25,47.2,47.2,30600
VHM,2024-10-21 07:04:00,47.2,47.25,47.15,47.2,146400
VHM,2024-10-21 07:05:00,47.2,47.2,47.15,47.2,13800
VHM,2024-10-21 07:06:00,47.2,47.2,47.15,47.15,34200
VHM,2024-10-21 07:07:00,47.15,47.2,47.15,47.2,24100
VHM,2024-10-21 07:08:00,47.2,47.25,47.15,47.25,155700
VHM,2024-10-21 07:09:00,47.25,47.25,47.2,47.25,133900
VHM,2024-10-21 07:10:00,47.25,47.3,47.25,47.3,73800
VHM,2024-10-21 07:11:00,47.3,47.3,47.25,47.3,30600
VHM,2024-10-21 07:12:00,47.3,47.35,47.25,47.35,205000
VHM,2024-10-21 07:13:00,47.35,47.35,47.3,47.35,50500
VHM,2024-10-21 07:14:00,47.35,47.45,47.35,47.45,261600
VHM,2024-10-21 07:15:00,47.45,47.5,47.45,47.45,137900
VHM,2024-10-21 07:16:00,47.45,47.6,47.45,47.6,626600
VHM,2024-10-21 07:17:00,47.6,47.65,47.55,47.65,286500
VHM,2024-10-21 07:18:00,47.65,47.7,47.6,47.6,145300
VHM,2024-10-21 07:19:00,47.6,47.6,47.45,47.5,49300
VHM,2024-10-21 07:20:00,47.5,47.55,47.45,47.5,39400
VHM,2024-10-21 07:21:00,47.5,47.6,47.5,47.55,71600
VHM,2024-10-21 07:22:00,47.55,47.6,47.55,47.55,50800
VHM,2024-10-21 07:23:00,47.55,47.6,47.55,47.6,106100
VHM,2024-10-21 07:24:00,47.6,47.65,47.55,47.55,156200
VHM,2024-10-21 07:25:00,47.55,47.6,47.5,47.55,144500
VHM,2024-10-21 07:26:00,47.55,47.65,47.55,47.65,178400
VHM,2024-10-21 07:27:00,47.65,47.65,47.55,47.6,159100
VHM,2024-10-21 07:28:00,47.6,47.6,47.5,47.55,120100
VHM,2024-10-21 07:29:00,47.55,47.8,47.55,47.8,64900
VHM,2024-10-21 07:45:00,47.8,47.8,47.8,47.8,1235300
VHM,2024-10-22 02:15:00,48.15,48.2,47.9,47.9,655300
VHM,2024-10-22 02:16:00,47.9,47.9,47.6,47.6,97000
VHM,2024-10-22 02:17:00,47.6,47.7,47.55,47.55,128100
VHM,2024-10-22 02:18:00,47.55,47.65,47.55,47.6,104500
VHM,2024-10-22 02:19:00,47.6,47.6,47.55,47.55,57200
VHM,2024-10-22 02:20:00,47.55,47.6,47.55,47.55,82200
VHM,2024-10-22 02:21:00,47.55,47.55,47.5,47.5,24400
VHM,2024-10-22 02:22:00,47.5,47.55,47.5,47.55,31300
VHM,2024-10-22 02:23:00,47.55,47.55,47.4,47.4,90300
VHM,2024-10-22 02:24:00,47.4,47.5,47.4,47.5,81400
VHM,2024-10-22 02:25:00,47.5,47.55,47.5,47.5,35300
VHM,2024-10-22 02:26:00,47.5,47.65,47.5,47.65,89200
VHM,2024-10-22 02:27:00,47.65,47.8,47.65,47.8,52600
VHM,2024-10-22 02:28:00,47.8,47.8,47.75,47.8,66200
VHM,2024-10-22 02:29:00,47.8,47.8,47.7,47.7,66300
VHM,2024-10-22 02:30:00,47.7,47.75,47.7,47.7,32700
VHM,2024-10-22 02:31:00,47.7,47.75,47.7,47.7,17900
VHM,2024-10-22 02:32:00,47.7,47.75,47.7,47.75,47000
VHM,2024-10-22 02:33:00,47.75,47.75,47.65,47.7,115700
VHM,2024-10-22 02:34:00,47.7,47.7,47.6,47.6,57100
VHM,2024-10-22 02:35:00,47.6,47.6,47.55,47.55,25100
VHM,2024-10-22 02:36:00,47.55,47.6,47.55,47.6,29900
VHM,2024-10-22 02:37:00,47.6,47.65,47.6,47.6,7900
VHM,2024-10-22 02:38:00,47.6,47.65,47.6,47.65,6800
VHM,2024-10-22 02:39:00,47.65,47.7,47.6,47.6,12100
VHM,2024-10-22 02:40:00,47.6,47.6,47.55,47.6,69000
VHM,2024-10-22 02:41:00,47.6,47.6,47.55,47.55,41600
VHM,2024-10-22 02:42:00,47.55,47.6,47.55,47.6,66800
VHM,2024-10-22 02:43:00,47.6,47.6,47.6,47.6,7900
VHM,2024-10-22 02:44:00,47.6,47.6,47.6,47.6,37300
VHM,2024-10-22 02:45:00,47.6,47.6,47.55,47.55,22400
VHM,2024-10-22 02:46:00,47.55,47.6,47.55,47.55,11900
VHM,2024-10-22 02:47:00,47.55,47.6,47.55,47.55,22300
VHM,2024-10-22 02:48:00,47.55,47.6,47.55,47.55,4600
VHM,2024-10-22 02:49:00,47.55,47.6,47.55,47.6,18000
VHM,2024-10-22 02:50:00,47.6,47.6,47.55,47.55,114300
VHM,2024-10-22 02:51:00,47.55,47.6,47.5,47.55,224600
VHM,2024-10-22 02:52:00,47.55,47.6,47.45,47.5,102000
VHM,2024-10-22 02:53:00,47.5,47.5,47.45,47.5,32800
VHM,2024-10-22 02:54:00,47.5,47.5,47.5,47.5,5600
VHM,2024-10-22 02:55:00,47.5,47.55,47.5,47.5,2000
VHM,2024-10-22 02:56:00,47.5,47.5,47.5,47.5,47600
VHM,2024-10-22 02:57:00,47.5,47.5,47.4,47.4,82700
VHM,2024-10-22 02:58:00,47.4,47.45,47.4,47.4,13300
VHM,2024-10-22 02:59:00,47.4,47.5,47.4,47.45,25100
VHM,2024-10-22 03:00:00,47.45,47.5,47.45,47.45,81600
VHM,2024-10-22 03:01:00,47.45,47.55,47.45,47.45,29800
VHM,2024-10-22 03:02:00,47.45,47.5,47.45,47.45,27000
VHM,2024-10-22 03:03:00,47.45,47.5,47.45,47.5,13300
VHM,2024-10-22 03:04:00,47.5,47.5,47.45,47.5,13900
VHM,2024-10-22 03:05:00,47.5,47.5,47.45,47.5,33400
VHM,2024-10-22 03:06:00,47.5,47.6,47.5,47.6,47900
VHM,2024-10-22 03:07:00,47.6,47.6,47.6,47.6,24300
VHM,2024-10-22 03:08:00,47.6,47.6,47.5,47.55,8700
VHM,2024-10-22 03:09:00,47.55,47.55,47.55,47.55,2700
VHM,2024-10-22 03:10:00,47.55,47.65,47.55,47.65,41900
VHM,2024-10-22 03:11:00,47.65,47.65,47.6,47.65,8800
VHM,2024-10-22 03:12:00,47.65,47.7,47.65,47.7,32900
VHM,2024-10-22 03:13:00,47.7,47.7,47.6,47.6,15400
VHM,2024-10-22 03:14:00,47.6,47.65,47.6,47.65,5400
VHM,2024-10-22 03:15:00,47.65,47.65,47.6,47.6,6400
VHM,2024-10-22 03:16:00,47.6,47.65,47.6,47.6,24600
VHM,2024-10-22 03:17:00,47.6,47.65,47.6,47.6,8400
VHM,2024-10-22 03:18:00,47.6,47.65,47.6,47.65,8100
VHM,2024-10-22 03:19:00,47.65,47.65,47.6,47.6,26900
VHM,2024-10-22 03:20:00,47.6,47.65,47.6,47.65,1800
VHM,2024-10-22 03:21:00,47.65,47.65,47.6,47.6,600
VHM,2024-10-22 03:22:00,47.6,47.6,47.6,47.6,1500
VHM,2024-10-22 03:23:00,47.6,47.65,47.6,47.65,3400
VHM,2024-10-22 03:24:00,47.65,47.65,47.6,47.65,7400
VHM,2024-10-22 03:25:00,47.65,47.65,47.6,47.65,14800
VHM,2024-10-22 03:26:00,47.65,47.65,47.6,47.6,5600
VHM,2024-10-22 03:27:00,47.6,47.6,47.6,47.6,15500
VHM,2024-10-22 03:28:00,47.6,47.65,47.55,47.55,115300
VHM,2024-10-22 03:29:00,47.55,47.6,47.55,47.55,21100
VHM,2024-10-22 03:30:00,47.55,47.55,47.5,47.5,35600
VHM,2024-10-22 03:31:00,47.5,47.55,47.5,47.55,5500
VHM,2024-10-22 03:32:00,47.55,47.55,47.5,47.5,23400
VHM,2024-10-22 03:33:00,47.5,47.55,47.5,47.5,34600
VHM,2024-10-22 03:34:00,47.5,47.55,47.45,47.5,91000
VHM,2024-10-22 03:35:00,47.5,47.5,47.45,47.5,14300
VHM,2024-10-22 03:36:00,47.5,47.55,47.45,47.5,15800
VHM,2024-10-22 03:37:00,47.5,47.55,47.5,47.5,5500
VHM,2024-10-22 03:38:00,47.5,47.5,47.5,47.5,15900
VHM,2024-10-22 03:39:00,47.5,47.5,47.45,47.45,30400
VHM,2024-10-22 03:40:00,47.45,47.5,47.45,47.5,19600
VHM,2024-10-22 03:41:00,47.5,47.5,47.45,47.5,6800
VHM,2024-10-22 03:42:00,47.5,47.5,47.45,47.5,19600
VHM,2024-10-22 03:43:00,47.5,47.5,47.45,47.5,16000
VHM,2024-10-22 03:44:00,47.5,47.55,47.5,47.55,4900
VHM,2024-10-22 03:45:00,47.55,47.55,47.5,47.55,12700
VHM,2024-10-22 03:46:00,47.55,47.55,47.5,47.55,8700
VHM,2024-10-22 03:47:00,47.55,47.55,47.55,47.55,8300
VHM,2024-10-22 03:48:00,47.55,47.6,47.55,47.6,10400
VHM,2024-10-22 03:49:00,47.6,47.6,47.55,47.6,34700
VHM,2024-10-22 03:50:00,47.6,47.65,47.6,47.65,31900
VHM,2024-10-22 03:51:00,47.65,47.65,47.6,47.6,8100
VHM,2024-10-22 03:52:00,47.6,47.65,47.6,47.65,4200
VHM,2024-10-22 03:53:00,47.65,47.65,47.6,47.6,8700
VHM,2024-10-22 03:54:00,47.6,47.6,47.6,47.6,20600
VHM,2024-10-22 03:55:00,47.6,47.65,47.6,47.65,9500
VHM,2024-10-22 03:56:00,47.65,47.65,47.6,47.6,14200
VHM,2024-10-22 03:57:00,47.6,47.7,47.6,47.7,103200
VHM,2024-10-22 03:58:00,47.7,47.7,47.65,47.65,14600
VHM,2024-10-22 03:59:00,47.65,47.7,47.65,47.65,12400
VHM,2024-10-22 04:00:00,47.65,47.7,47.65,47.65,1000
VHM,2024-10-22 04:01:00,47.65,47.7,47.65,47.65,6600
VHM,2024-10-22 04:02:00,47.65,47.7,47.65,47.65,15900
VHM,2024-10-22 04:03:00,47.65,47.7,47.65,47.65,7200
VHM,2024-10-22 04:04:00,47.65,47.7,47.65,47.65,13400
VHM,2024-10-22 04:05:00,47.65,47.7,47.65,47.65,6500
VHM,2024-10-22 04:06:00,47.65,47.65,47.65,47.65,23600
VHM,2024-10-22 04:07:00,47.65,47.7,47.65,47.7,1800
VHM,2024-10-22 04:08:00,47.7,47.7,47.65,47.65,14700
VHM,2024-10-22 04:09:00,47.65,47.7,47.65,47.65,12200
VHM,2024-10-22 04:10:00,47.65,47.65,47.65,47.65,1100
VHM,2024-10-22 04:11:00,47.65,47.7,47.65,47.65,19500
VHM,2024-10-22 04:12:00,47.65,47.7,47.65,47.65,4100
VHM,2024-10-22 04:13:00,47.65,47.7,47.65,47.65,5100
VHM,2024-10-22 04:14:00,47.65,47.65,47.65,47.65,100
VHM,2024-10-22 04:15:00,47.65,47.7,47.65,47.65,6900
VHM,2024-10-22 04:16:00,47.65,47.7,47.65,47.7,13400
VHM,2024-10-22 04:17:00,47.7,47.7,47.65,47.65,4000
VHM,2024-10-22 04:18:00,47.65,47.7,47.65,47.7,5600
VHM,2024-10-22 04:19:00,47.7,47.7,47.65,47.7,33100
VHM,2024-10-22 04:20:00,47.7,47.7,47.65,47.7,29100
VHM,2024-10-22 04:21:00,47.7,47.7,47.65,47.65,24400
VHM,2024-10-22 04:22:00,47.65,47.7,47.65,47.65,5800
VHM,2024-10-22 04:23:00,47.65,47.7,47.65,47.65,33700
VHM,2024-10-22 04:24:00,47.65,47.7,47.65,47.65,9500
VHM,2024-10-22 04:25:00,47.65,47.7,47.65,47.65,12400
VHM,2024-10-22 04:26:00,47.65,47.7,47.65,47.7,83700
VHM,2024-10-22 04:27:00,47.7,47.75,47.65,47.7,75300
VHM,2024-10-22 04:28:00,47.7,47.75,47.7,47.75,58300
VHM,2024-10-22 04:29:00,47.75,47.8,47.75,47.8,11500
VHM,2024-10-22 06:00:00,47.8,47.8,47.75,47.75,30100
VHM,2024-10-22 06:01:00,47.75,47.75,47.75,47.75,57300
VHM,2024-10-22 06:02:00,47.75,47.75,47.7,47.7,19500
VHM,2024-10-22 06:03:00,47.7,47.75,47.7,47.75,21400
VHM,2024-10-22 06:04:00,47.75,47.75,47.7,47.75,13800
VHM,2024-10-22 06:05:00,47.75,47.8,47.75,47.75,11000
VHM,2024-10-22 06:06:00,47.75,47.8,47.75,47.8,121000
VHM,2024-10-22 06:07:00,47.8,47.85,47.75,47.85,69800
VHM,2024-10-22 06:08:00,47.85,47.85,47.8,47.85,15800
VHM,2024-10-22 06:09:00,47.85,47.9,47.8,47.85,63900
VHM,2024-10-22 06:10:00,47.85,47.9,47.85,47.9,15500
VHM,2024-10-22 06:11:00,47.9,47.9,47.85,47.9,21000
VHM,2024-10-22 06:12:00,47.9,47.9,47.85,47.9,38500
VHM,2024-10-22 06:13:00,47.9,47.9,47.85,47.85,19700
VHM,2024-10-22 06:14:00,47.85,47.9,47.85,47.85,69700
VHM,2024-10-22 06:15:00,47.85,47.85,47.8,47.85,23000
VHM,2024-10-22 06:16:00,47.85,47.85,47.75,47.75,72000
VHM,2024-10-22 06:17:00,47.75,47.8,47.75,47.75,1400
VHM,2024-10-22 06:18:00,47.75,47.75,47.75,47.75,200
VHM,2024-10-22 06:19:00,47.75,47.75,47.75,47.75,1900
VHM,2024-10-22 06:20:00,47.75,47.75,47.7,47.7,47100
VHM,2024-10-22 06:21:00,47.7,47.75,47.7,47.7,5800
VHM,2024-10-22 06:22:00,47.7,47.8,47.7,47.8,41800
VHM,2024-10-22 06:23:00,47.8,47.8,47.75,47.75,10700
VHM,2024-10-22 06:24:00,47.75,47.8,47.75,47.8,12300
VHM,2024-10-22 06:25:00,47.8,47.8,47.75,47.8,84700
VHM,2024-10-22 06:26:00,47.8,47.85,47.8,47.8,13900
VHM,2024-10-22 06:27:00,47.8,47.85,47.8,47.85,11100
VHM,2024-10-22 06:28:00,47.85,47.9,47.8,47.9,29700
VHM,2024-10-22 06:29:00,47.9,47.9,47.85,47.85,79200
VHM,2024-10-22 06:30:00,47.85,47.9,47.85,47.9,64400
VHM,2024-10-22 06:31:00,47.9,48.0,47.9,48.0,249200
VHM,2024-10-22 06:32:00,48.0,48.15,48.0,48.15,417700
VHM,2024-10-22 06:33:00,48.15,48.25,48.1,48.25,261500
VHM,2024-10-22 06:34:00,48.25,48.25,48.2,48.25,154500
VHM,2024-10-22 06:35:00,48.25,48.25,48.15,48.15,37700
VHM,2024-10-22 06:36:00,48.15,48.15,48.05,48.1,72000
VHM,2024-10-22 06:37:00,48.1,48.1,48.05,48.1,13100
VHM,2024-10-22 06:38:00,48.1,48.1,48.05,48.05,10200
VHM,2024-10-22 06:39:00,48.05,48.1,48.05,48.1,49200
VHM,2024-10-22 06:40:00,48.1,48.2,48.1,48.15,117300
VHM,2024-10-22 06:41:00,48.15,48.15,48.1,48.15,83000
VHM,2024-10-22 06:42:00,48.15,48.15,48.1,48.15,30900
VHM,2024-10-22 06:43:00,48.15,48.15,48.05,48.15,89000
VHM,2024-10-22 06:44:00,48.15,48.15,48.05,48.15,51400
VHM,2024-10-22 06:45:00,48.15,48.15,48.1,48.1,23400
VHM,2024-10-22 06:46:00,48.1,48.15,48.1,48.1,108400
VHM,2024-10-22 06:47:00,48.1,48.1,48.05,48.1,38800
VHM,2024-10-22 06:48:00,48.1,48.15,48.1,48.15,25900
VHM,2024-10-22 06:49:00,48.15,48.15,48.1,48.1,13100
VHM,2024-10-22 06:50:00,48.1,48.15,48.1,48.1,11600
VHM,2024-10-22 06:51:00,48.1,48.15,48.1,48.1,11000
VHM,2024-10-22 06:52:00,48.1,48.15,48.1,48.1,68900
VHM,2024-10-22 06:53:00,48.1,48.15,48.1,48.15,102600
VHM,2024-10-22 06:54:00,48.15,48.2,48.1,48.2,43600
VHM,2024-10-22 06:55:00,48.2,48.2,48.1,48.15,79200
VHM,2024-10-22 06:56:00,48.15,48.2,48.15,48.15,27400
VHM,2024-10-22 06:57:00,48.15,48.2,48.15,48.2,71700
VHM,2024-10-22 06:58:00,48.2,48.2,48.15,48.2,123800
VHM,2024-10-22 06:59:00,48.2,48.2,48.15,48.2,31800
VHM,2024-10-22 07:00:00,48.2,48.2,48.15,48.2,54600
VHM,2024-10-22 07:01:00,48.2,48.25,48.2,48.2,73400
VHM,2024-10-22 07:02:00,48.2,48.25,48.2,48.25,98300
VHM,2024-10-22 07:03:00,48.25,48.25,48.2,48.25,90300
VHM,2024-10-22 07:04:00,48.25,48.3,48.2,48.3,64100
VHM,2024-10-22 07:05:00,48.3,48.3,48.2,48.25,119900
VHM,2024-10-22 07:06:00,48.25,48.25,48.1,48.1,264000
VHM,2024-10-22 07:07:00,48.1,48.15,48.05,48.1,87200
VHM,2024-10-22 07:08:00,48.1,48.15,48.05,48.15,81300
VHM,2024-10-22 07:09:00,48.15,48.15,48.05,48.05,136200
VHM,2024-10-22 07:10:00,48.05,48.15,48.0,48.1,64300
VHM,2024-10-22 07:11:00,48.1,48.1,48.05,48.1,53900
VHM,2024-10-22 07:12:00,48.1,48.1,48.05,48.1,24000
VHM,2024-10-22 07:13:00,48.1,48.15,48.1,48.15,35300
VHM,2024-10-22 07:14:00,48.15,48.15,48.1,48.15,47300
VHM,2024-10-22 07:15:00,48.15,48.2,48.15,48.2,113500
VHM,2024-10-22 07:16:00,48.2,48.25,48.15,48.25,54400
VHM,2024-10-22 07:17:00,48.25,48.35,48.25,48.35,210000
VHM,2024-10-22 07:18:00,48.35,48.45,48.35,48.45,250200
VHM,2024-10-22 07:19:00,48.45,48.55,48.45,48.55,322600
VHM,2024-10-22 07:20:00,48.55,48.55,48.4,48.4,250200
VHM,2024-10-22 07:21:00,48.4,48.4,48.3,48.35,96900
VHM,2024-10-22 07:22:00,48.35,48.35,48.15,48.15,190900
VHM,2024-10-22 07:23:00,48.15,48.2,48.1,48.15,97600
VHM,2024-10-22 07:24:00,48.15,48.15,48.05,48.1,144700
VHM,2024-10-22 07:25:00,48.1,48.15,47.8,47.8,391600
VHM,2024-10-22 07:26:00,47.8,48.05,47.8,48.05,141000
VHM,2024-10-22 07:27:00,48.05,48.2,48.0,48.15,116900
VHM,2024-10-22 07:28:00,48.15,48.25,48.05,48.25,157300
VHM,2024-10-22 07:29:00,48.25,48.3,48.15,48.2,129400
VHM,2024-10-22 07:45:00,48.25,48.25,48.25,48.25,410600
VHM,2024-10-23 02:15:00,48.25,48.25,48.2,48.2,278500
VHM,2024-10-23 02:16:00,48.2,48.3,48.2,48.3,61400
VHM,2024-10-23 02:17:00,48.3,48.3,48.25,48.3,116000
VHM,2024-10-23 02:18:00,48.3,48.35,48.25,48.25,131000
VHM,2024-10-23 02:19:00,48.25,48.25,48.2,48.25,79000
VHM,2024-10-23 02:20:00,48.25,48.25,48.2,48.2,68100
VHM,2024-10-23 02:21:00,48.2,48.25,48.2,48.25,38400
VHM,2024-10-23 02:22:00,48.25,48.25,48.15,48.2,43000
VHM,2024-10-23 02:23:00,48.2,48.2,48.15,48.15,24800
VHM,2024-10-23 02:24:00,48.15,48.2,48.1,48.1,73200
VHM,2024-10-23 02:25:00,48.1,48.15,48.0,48.0,82600
VHM,2024-10-23 02:26:00,48.0,48.05,48.0,48.0,29700
VHM,2024-10-23 02:27:00,48.0,48.05,47.9,47.9,79900
VHM,2024-10-23 02:28:00,47.9,47.95,47.85,47.9,59100
VHM,2024-10-23 02:29:00,47.9,47.9,47.8,47.85,31900
VHM,2024-10-23 02:30:00,47.85,47.85,47.7,47.7,237400
VHM,2024-10-23 02:31:00,47.7,47.75,47.7,47.75,108600
VHM,2024-10-23 02:32:00,47.75,47.85,47.75,47.85,81600
VHM,2024-10-23 02:33:00,47.85,47.85,47.8,47.8,56800
VHM,2024-10-23 02:34:00,47.8,47.9,47.8,47.85,28700
VHM,2024-10-23 02:35:00,47.85,47.9,47.85,47.9,38700
VHM,2024-10-23 02:36:00,47.9,47.9,47.8,47.85,28800
VHM,2024-10-23 02:37:00,47.85,47.9,47.85,47.9,36000
VHM,2024-10-23 02:38:00,47.9,47.9,47.75,47.75,104700
VHM,2024-10-23 02:39:00,47.75,47.8,47.75,47.8,23400
VHM,2024-10-23 02:40:00,47.8,47.8,47.75,47.75,41800
VHM,2024-10-23 02:41:00,47.75,47.8,47.75,47.8,86400
VHM,2024-10-23 02:42:00,47.8,47.8,47.75,47.8,56900
VHM,2024-10-23 02:43:00,47.8,47.8,47.7,47.7,95200
VHM,2024-10-23 02:44:00,47.7,47.75,47.7,47.75,155500
VHM,2024-10-23 02:45:00,47.75,47.75,47.7,47.75,54300
VHM,2024-10-23 02:46:00,47.75,47.8,47.75,47.75,49100
VHM,2024-10-23 02:47:00,47.75,47.75,47.7,47.75,35000
VHM,2024-10-23 02:48:00,47.75,47.75,47.65,47.65,189100
VHM,2024-10-23 02:49:00,47.65,47.7,47.55,47.55,58400
VHM,2024-10-23 02:50:00,47.55,47.6,47.5,47.5,93600
VHM,2024-10-23 02:51:00,47.5,47.65,47.5,47.6,84700
VHM,2024-10-23 02:52:00,47.6,47.65,47.6,47.6,205600
VHM,2024-10-23 02:53:00,47.6,47.65,47.55,47.55,199200
VHM,2024-10-23 02:54:00,47.55,47.6,47.5,47.55,374800
VHM,2024-10-23 02:55:00,47.55,47.6,47.5,47.5,376800
VHM,2024-10-23 02:56:00,47.5,47.55,47.5,47.5,345300
VHM,2024-10-23 02:57:00,47.5,47.5,47.45,47.5,54500
VHM,2024-10-23 02:58:00,47.5,47.5,47.5,47.5,25700
VHM,2024-10-23 02:59:00,47.5,47.55,47.5,47.5,48300
VHM,2024-10-23 03:00:00,47.5,47.5,47.45,47.45,222800
VHM,2024-10-23 03:01:00,47.45,47.5,47.45,47.5,209000
VHM,2024-10-23 03:02:00,47.5,47.5,47.4,47.45,55100
VHM,2024-10-23 03:03:00,47.45,47.45,47.4,47.4,149400
VHM,2024-10-23 03:04:00,47.4,47.4,47.35,47.35,238000
VHM,2024-10-23 03:05:00,47.35,47.35,47.25,47.3,204700
VHM,2024-10-23 03:06:00,47.3,47.3,47.25,47.3,283800
VHM,2024-10-23 03:07:00,47.3,47.3,47.2,47.25,327500
VHM,2024-10-23 03:08:00,47.25,47.3,47.2,47.25,323900
VHM,2024-10-23 03:09:00,47.25,47.3,47.25,47.25,241300
VHM,2024-10-23 03:10:00,47.25,47.3,47.25,47.25,140300
VHM,2024-10-23 03:11:00,47.25,47.3,47.2,47.3,235400
VHM,2024-10-23 03:12:00,47.3,47.3,47.2,47.25,149300
VHM,2024-10-23 03:13:00,47.25,47.25,47.2,47.2,190600
VHM,2024-10-23 03:14:00,47.2,47.25,47.15,47.15,300100
VHM,2024-10-23 03:15:00,47.15,47.2,47.15,47.15,282600
VHM,2024-10-23 03:16:00,47.15,47.15,47.0,47.0,367500
VHM,2024-10-23 03:17:00,47.0,47.0,46.9,46.95,400900
VHM,2024-10-23 03:18:00,46.95,46.95,46.5,46.6,421000
VHM,2024-10-23 03:19:00,46.6,46.95,46.6,46.9,117100
VHM,2024-10-23 03:20:00,46.9,46.9,46.85,46.85,109400
VHM,2024-10-23 03:21:00,46.85,46.9,46.85,46.9,46600
VHM,2024-10-23 03:22:00,46.9,46.9,46.85,46.85,421200
VHM,2024-10-23 03:23:00,46.85,46.85,46.85,46.85,502800
VHM,2024-10-23 03:24:00,46.85,46.9,46.85,46.85,511800
VHM,2024-10-23 03:25:00,46.85,46.9,46.8,46.85,521900
VHM,2024-10-23 03:26:00,46.85,46.9,46.8,46.85,548800
VHM,2024-10-23 03:27:00,46.85,46.85,46.8,46.85,405900
VHM,2024-10-23 03:28:00,46.85,46.9,46.85,46.9,28400
VHM,2024-10-23 03:29:00,46.9,46.9,46.85,46.85,10700
VHM,2024-10-23 03:30:00,46.85,46.9,46.85,46.85,528600
VHM,2024-10-23 03:31:00,46.85,46.85,46.85,46.85,455400
VHM,2024-10-23 03:32:00,46.85,46.85,46.8,46.8,393200
VHM,2024-10-23 03:33:00,46.8,46.8,46.8,46.8,362300
VHM,2024-10-23 03:34:00,46.8,46.8,46.75,46.8,56800
VHM,2024-10-23 03:35:00,46.8,46.85,46.8,46.8,19400
VHM,2024-10-23 03:36:00,46.8,46.8,46.75,46.75,250300
VHM,2024-10-23 03:37:00,46.75,46.8,46.7,46.75,562500
VHM,2024-10-23 03:38:00,46.75,46.75,46.65,46.65,555600
VHM,2024-10-23 03:39:00,46.65,46.75,46.65,46.75,177100
VHM,2024-10-23 03:40:00,46.75,46.8,46.75,46.8,59500
VHM,2024-10-23 03:41:00,46.8,46.8,46.75,46.8,47600
VHM,2024-10-23 03:42:00,46.8,46.85,46.8,46.85,110800
VHM,2024-10-23 03:43:00,46.85,46.85,46.8,46.85,18000
VHM,2024-10-23 03:44:00,46.85,46.85,46.8,46.8,124500
VHM,2024-10-23 03:45:00,46.8,46.85,46.75,46.8,30700
VHM,2024-10-23 03:46:00,46.8,46.8,46.75,46.8,32600
VHM,2024-10-23 03:47:00,46.8,46.8,46.7,46.75,180600
VHM,2024-10-23 03:48:00,46.75,46.75,46.75,46.75,106600
VHM,2024-10-23 03:49:00,46.75,46.75,46.7,46.75,51700
VHM,2024-10-23 03:50:00,46.75,46.75,46.65,46.65,69800
VHM,2024-10-23 03:51:00,46.65,46.7,46.6,46.65,102600
VHM,2024-10-23 03:52:00,46.65,46.7,46.65,46.7,8700
VHM,2024-10-23 03:53:00,46.7,46.7,46.65,46.65,52600
VHM,2024-10-23 03:54:00,46.65,46.65,46.65,46.65,435200
VHM,2024-10-23 03:55:00,46.65,46.65,46.6,46.65,374900
VHM,2024-10-23 03:56:00,46.65,46.7,46.6,46.7,151100
VHM,2024-10-23 03:57:00,46.7,46.7,46.65,46.65,25800
VHM,2024-10-23 03:58:00,46.65,46.7,46.65,46.7,36400
VHM,2024-10-23 03:59:00,46.7,46.7,46.65,46.7,900
VHM,2024-10-23 04:00:00,46.7,46.7,46.65,46.7,38800
VHM,2024-10-23 04:01:00,46.7,46.75,46.7,46.75,73500
VHM,2024-10-23 04:02:00,46.75,46.8,46.75,46.8,109800
VHM,2024-10-23 04:03:00,46.8,46.85,46.8,46.85,146100
VHM,2024-10-23 04:04:00,46.85,46.85,46.8,46.85,69700
VHM,2024-10-23 04:05:00,46.85,46.9,46.85,46.9,79400
VHM,2024-10-23 04:06:00,46.9,46.95,46.85,46.95,51000
VHM,2024-10-23 04:07:00,46.95,46.95,46.9,46.95,17900
VHM,2024-10-23 04:08:00,46.95,47.0,46.9,47.0,80700
VHM,2024-10-23 04:09:00,47.0,47.05,47.0,47.05,79200
VHM,2024-10-23 04:10:00,47.05,47.25,47.05,47.15,57700
VHM,2024-10-23 04:11:00,47.15,47.25,47.15,47.15,42500
VHM,2024-10-23 04:12:00,47.15,47.25,47.15,47.25,32800
VHM,2024-10-23 04:13:00,47.25,47.25,47.2,47.25,18600
VHM,2024-10-23 04:14:00,47.25,47.25,47.2,47.2,53300
VHM,2024-10-23 04:15:00,47.2,47.2,47.2,47.2,36800
VHM,2024-10-23 04:16:00,47.2,47.2,47.15,47.2,59800
VHM,2024-10-23 04:17:00,47.2,47.3,47.2,47.25,53200
VHM,2024-10-23 04:18:00,47.25,47.3,47.25,47.3,43500
VHM,2024-10-23 04:19:00,47.3,47.4,47.25,47.35,123900
VHM,2024-10-23 04:20:00,47.35,47.35,47.3,47.3,16200
VHM,2024-10-23 04:21:00,47.3,47.3,47.3,47.3,38500
VHM,2024-10-23 04:22:00,47.3,47.3,47.2,47.25,74000
VHM,2024-10-23 04:23:00,47.25,47.25,47.1,47.1,35500
VHM,2024-10-23 04:24:00,47.1,47.1,47.0,47.0,63000
VHM,2024-10-23 04:25:00,47.0,47.0,46.95,46.95,42200
VHM,2024-10-23 04:26:00,46.95,47.1,46.95,47.1,4500
VHM,2024-10-23 04:27:00,47.1,47.1,47.05,47.1,14300
VHM,2024-10-23 04:28:00,47.1,47.1,47.05,47.1,4000
VHM,2024-10-23 04:29:00,47.1,47.1,47.05,47.05,4400
VHM,2024-10-23 06:00:00,47.05,47.1,46.9,46.9,185000
VHM,2024-10-23 06:01:00,46.9,47.0,46.9,46.95,16100
VHM,2024-10-23 06:02:00,46.95,47.0,46.9,46.9,29300
VHM,2024-10-23 06:03:00,46.9,46.95,46.9,46.9,7000
VHM,2024-10-23 06:04:00,46.9,46.95,46.9,46.95,40500
VHM,2024-10-23 06:05:00,46.95,47.0,46.95,46.95,23800
VHM,2024-10-23 06:06:00,46.95,46.95,46.9,46.9,13400
VHM,2024-10-23 06:07:00,46.9,46.9,46.85,46.9,27800
VHM,2024-10-23 06:08:00,46.9,47.0,46.9,46.95,63400
VHM,2024-10-23 06:09:00,46.95,47.05,46.95,47.05,60100
VHM,2024-10-23 06:10:00,47.05,47.15,47.05,47.15,33600
VHM,2024-10-23 06:11:00,47.15,47.2,47.15,47.2,85800
VHM,2024-10-23 06:12:00,47.2,47.35,47.2,47.3,61100
VHM,2024-10-23 06:13:00,47.3,47.35,47.2,47.25,120900
VHM,2024-10-23 06:14:00,47.25,47.25,47.05,47.05,132500
VHM,2024-10-23 06:15:00,47.05,47.1,47.05,47.1,24800
VHM,2024-10-23 06:16:00,47.1,47.1,47.05,47.05,16800
VHM,2024-10-23 06:17:00,47.05,47.1,47.05,47.05,8300
VHM,2024-10-23 06:18:00,47.05,47.15,47.05,47.15,18900
VHM,2024-10-23 06:19:00,47.15,47.15,47.1,47.15,29900
VHM,2024-10-23 06:20:00,47.15,47.15,47.1,47.15,16300
VHM,2024-10-23 06:21:00,47.15,47.2,47.15,47.2,13700
VHM,2024-10-23 06:22:00,47.2,47.2,47.15,47.2,54200
VHM,2024-10-23 06:23:00,47.2,47.25,47.2,47.25,35700
VHM,2024-10-23 06:24:00,47.25,47.25,47.2,47.2,29700
VHM,2024-10-23 06:25:00,47.2,47.25,47.2,47.2,102800
VHM,2024-10-23 06:26:00,47.2,47.3,47.2,47.25,50400
VHM,2024-10-23 06:27:00,47.25,47.3,47.25,47.3,49400
VHM,2024-10-23 06:28:00,47.3,47.3,47.2,47.2,146200
VHM,2024-10-23 06:29:00,47.2,47.2,47.1,47.15,118200
VHM,2024-10-23 06:30:00,47.15,47.15,47.1,47.15,25600
VHM,2024-10-23 06:31:00,47.15,47.2,47.1,47.1,8100
VHM,2024-10-23 06:32:00,47.1,47.2,47.1,47.15,26100
VHM,2024-10-23 06:33:00,47.15,47.2,47.0,47.1,259600
VHM,2024-10-23 06:34:00,47.1,47.15,47.0,47.1,55200
VHM,2024-10-23 06:35:00,47.1,47.2,47.05,47.2,96600
VHM,2024-10-23 06:36:00,47.2,47.4,47.2,47.35,117400
VHM,2024-10-23 06:37:00,47.35,47.45,47.25,47.4,90000
VHM,2024-10-23 06:38:00,47.4,47.5,47.35,47.45,99400
VHM,2024-10-23 06:39:00,47.45,47.5,47.4,47.4,62700
VHM,2024-10-23 06:40:00,47.4,47.45,47.3,47.3,49800
VHM,2024-10-23 06:41:00,47.3,47.4,47.3,47.4,76800
VHM,2024-10-23 06:42:00,47.4,47.45,47.35,47.45,22600
VHM,2024-10-23 06:43:00,47.45,47.45,47.35,47.4,25400
VHM,2024-10-23 06:44:00,47.4,47.4,47.25,47.25,90100
VHM,2024-10-23 06:45:00,47.25,47.3,47.25,47.3,16900
VHM,2024-10-23 06:46:00,47.3,47.35,47.3,47.35,8900
VHM,2024-10-23 06:47:00,47.35,47.35,47.3,47.3,28700
VHM,2024-10-23 06:48:00,47.3,47.35,47.3,47.3,10900
VHM,2024-10-23 06:49:00,47.3,47.3,47.25,47.3,54000
VHM,2024-10-23 06:50:00,47.3,47.3,47.25,47.3,25400
VHM,2024-10-23 06:51:00,47.3,47.35,47.3,47.35,10200
VHM,2024-10-23 06:52:00,47.35,47.35,47.25,47.25,21300
VHM,2024-10-23 06:53:00,47.25,47.3,47.25,47.25,10800
VHM,2024-10-23 06:54:00,47.25,47.3,47.25,47.25,16300
VHM,2024-10-23 06:55:00,47.25,47.3,47.25,47.25,9100
VHM,2024-10-23 06:56:00,47.25,47.3,47.25,47.25,22500
VHM,2024-10-23 06:57:00,47.25,47.3,47.25,47.3,42500
VHM,2024-10-23 06:58:00,47.3,47.3,47.25,47.3,40800
VHM,2024-10-23 06:59:00,47.3,47.3,47.25,47.25,54300
VHM,2024-10-23 07:00:00,47.25,47.25,47.2,47.2,20200
VHM,2024-10-23 07:01:00,47.2,47.25,47.2,47.25,6000
VHM,2024-10-23 07:02:00,47.25,47.25,47.2,47.2,25400
VHM,2024-10-23 07:03:00,47.2,47.3,47.2,47.3,38100
VHM,2024-10-23 07:04:00,47.3,47.3,47.25,47.3,28700
VHM,2024-10-23 07:05:00,47.3,47.3,47.2,47.25,16300
VHM,2024-10-23 07:06:00,47.25,47.25,47.15,47.15,46700
VHM,2024-10-23 07:07:00,47.15,47.2,47.1,47.1,176100
VHM,2024-10-23 07:08:00,47.1,47.1,47.0,47.05,329900
VHM,2024-10-23 07:09:00,47.05,47.05,46.85,46.85,203900
VHM,2024-10-23 07:10:00,46.85,46.9,46.85,46.9,42200
VHM,2024-10-23 07:11:00,46.9,46.95,46.9,46.95,268400
VHM,2024-10-23 07:12:00,46.95,46.95,46.9,46.95,355900
VHM,2024-10-23 07:13:00,46.95,46.95,46.9,46.9,441000
VHM,2024-10-23 07:14:00,46.9,46.95,46.85,46.9,416300
VHM,2024-10-23 07:15:00,46.9,46.95,46.85,46.9,474400
VHM,2024-10-23 07:16:00,46.9,46.95,46.9,46.9,210100
VHM,2024-10-23 07:17:00,46.9,46.9,46.85,46.9,550100
VHM,2024-10-23 07:18:00,46.9,46.95,46.9,46.9,508300
VHM,2024-10-23 07:19:00,46.9,46.95,46.85,46.9,480300
VHM,2024-10-23 07:20:00,46.9,46.95,46.9,46.9,492200
VHM,2024-10-23 07:21:00,46.9,46.95,46.9,46.95,383500
VHM,2024-10-23 07:22:00,46.95,47.0,46.85,47.0,657000
VHM,2024-10-23 07:23:00,47.0,47.0,46.85,46.9,647600
VHM,2024-10-23 07:24:00,46.9,46.9,46.85,46.85,206500
VHM,2024-10-23 07:25:00,46.85,46.85,46.75,46.75,500000
VHM,2024-10-23 07:26:00,46.75,46.75,46.7,46.75,150700
VHM,2024-10-23 07:27:00,46.75,46.8,46.6,46.65,229900
VHM,2024-10-23 07:28:00,46.65,46.7,46.55,46.6,346700
VHM,2024-10-23 07:29:00,46.6,46.75,46.6,46.7,386500
VHM,2024-10-23 07:45:00,47.0,47.0,47.0,47.0,2131000
VHM,2024-10-24 02:15:00,46.6,46.75,46.6,46.75,153700
VHM,2024-10-24 02:16:00,46.75,46.75,46.65,46.7,8300
VHM,2024-10-24 02:17:00,46.7,46.75,46.6,46.65,44500
VHM,2024-10-24 02:18:00,46.65,46.65,46.55,46.55,59900
VHM,2024-10-24 02:19:00,46.55,46.55,46.55,46.55,36700
VHM,2024-10-24 02:20:00,46.55,46.55,46.4,46.45,156900
VHM,2024-10-24 02:21:00,46.45,46.45,46.25,46.25,132400
VHM,2024-10-24 02:22:00,46.25,46.3,46.2,46.2,76200
VHM,2024-10-24 02:23:00,46.2,46.2,46.15,46.15,158900
VHM,2024-10-24 02:24:00,46.15,46.3,46.15,46.3,72000
VHM,2024-10-24 02:25:00,46.3,46.3,46.25,46.3,50000
VHM,2024-10-24 02:26:00,46.3,46.4,46.3,46.4,34700
VHM,2024-10-24 02:27:00,46.4,46.6,46.4,46.6,86800
VHM,2024-10-24 02:28:00,46.6,46.75,46.6,46.7,47100
VHM,2024-10-24 02:29:00,46.7,46.7,46.65,46.65,13500
VHM,2024-10-24 02:30:00,46.65,46.65,46.65,46.65,13500
VHM,2024-10-24 02:31:00,46.65,46.65,46.55,46.6,52400
VHM,2024-10-24 02:32:00,46.6,46.6,46.6,46.6,200
VHM,2024-10-24 02:33:00,46.6,46.6,46.5,46.5,13100
VHM,2024-10-24 02:34:00,46.5,46.55,46.5,46.5,21800
VHM,2024-10-24 02:35:00,46.5,46.55,46.5,46.5,53300
VHM,2024-10-24 02:36:00,46.5,46.5,46.45,46.45,5600
VHM,2024-10-24 02:37:00,46.45,46.45,46.4,46.4,106500
VHM,2024-10-24 02:38:00,46.4,46.4,46.4,46.4,22200
VHM,2024-10-24 02:39:00,46.4,46.4,46.4,46.4,7100
VHM,2024-10-24 02:40:00,46.4,46.4,46.3,46.35,52200
VHM,2024-10-24 02:41:00,46.35,46.35,46.25,46.3,111100
VHM,2024-10-24 02:42:00,46.3,46.3,46.25,46.3,30800
VHM,2024-10-24 02:43:00,46.3,46.35,46.3,46.3,30900
VHM,2024-10-24 02:44:00,46.3,46.3,46.2,46.3,79300
VHM,2024-10-24 02:45:00,46.3,46.3,46.25,46.3,52300
VHM,2024-10-24 02:46:00,46.3,46.35,46.3,46.35,54800
VHM,2024-10-24 02:47:00,46.35,46.4,46.3,46.4,104000
VHM,2024-10-24 02:48:00,46.4,46.4,46.35,46.35,214200
VHM,2024-10-24 02:49:00,46.35,46.4,46.3,46.35,425900
VHM,2024-10-24 02:50:00,46.35,46.4,46.3,46.35,279900
VHM,2024-10-24 02:51:00,46.35,46.4,46.3,46.35,336900
VHM,2024-10-24 02:52:00,46.35,46.35,46.3,46.35,343900
VHM,2024-10-24 02:53:00,46.35,46.35,46.3,46.35,126900
VHM,2024-10-24 02:54:00,46.35,46.4,46.35,46.35,424800
VHM,2024-10-24 02:55:00,46.35,46.4,46.35,46.4,531600
VHM,2024-10-24 02:56:00,46.4,46.4,46.35,46.35,511000
VHM,2024-10-24 02:57:00,46.35,46.4,46.35,46.4,223800
VHM,2024-10-24 02:58:00,46.4,46.4,46.4,46.4,3100
VHM,2024-10-24 02:59:00,46.4,46.4,46.4,46.4,15800
VHM,2024-10-24 03:00:00,46.4,46.4,46.35,46.4,70300
VHM,2024-10-24 03:01:00,46.4,46.4,46.35,46.4,9700
VHM,2024-10-24 03:02:00,46.4,46.4,46.4,46.4,28000
VHM,2024-10-24 03:03:00,46.4,46.45,46.4,46.45,23700
VHM,2024-10-24 03:04:00,46.45,46.45,46.4,46.4,10200
VHM,2024-10-24 03:05:00,46.4,46.45,46.4,46.4,9600
VHM,2024-10-24 03:06:00,46.4,46.4,46.4,46.4,3700
VHM,2024-10-24 03:07:00,46.4,46.45,46.4,46.45,21500
VHM,2024-10-24 03:08:00,46.45,46.45,46.4,46.4,7500
VHM,2024-10-24 03:09:00,46.4,46.4,46.4,46.4,103200
VHM,2024-10-24 03:10:00,46.4,46.4,46.35,46.35,135500
VHM,2024-10-24 03:11:00,46.35,46.4,46.35,46.35,673400
VHM,2024-10-24 03:12:00,46.35,46.35,46.25,46.3,521100
VHM,2024-10-24 03:13:00,46.3,46.3,46.25,46.25,452300
VHM,2024-10-24 03:14:00,46.25,46.3,46.25,46.25,604400
VHM,2024-10-24 03:15:00,46.25,46.3,46.25,46.3,118700
VHM,2024-10-24 03:16:00,46.3,46.3,46.25,46.3,30100
VHM,2024-10-24 03:17:00,46.3,46.3,46.25,46.25,20700
VHM,2024-10-24 03:18:00,46.25,46.3,46.2,46.25,21900
VHM,2024-10-24 03:19:00,46.25,46.25,46.15,46.15,168300
VHM,2024-10-24 03:20:00,46.15,46.15,46.0,46.1,355300
VHM,2024-10-24 03:21:00,46.1,46.1,45.9,45.95,430500
VHM,2024-10-24 03:22:00,45.95,46.05,45.95,46.0,138000
VHM,2024-10-24 03:23:00,46.0,46.3,46.0,46.3,147300
VHM,2024-10-24 03:24:00,46.3,46.35,46.25,46.3,110300
VHM,2024-10-24 03:25:00,46.3,46.3,46.2,46.2,147000
VHM,2024-10-24 03:26:00,46.2,46.35,46.2,46.35,108000
VHM,2024-10-24 03:27:00,46.35,46.35,46.3,46.3,100000
VHM,2024-10-24 03:28:00,46.3,46.4,46.3,46.4,154900
VHM,2024-10-24 03:29:00,46.4,46.4,46.35,46.4,44100
VHM,2024-10-24 03:30:00,46.4,46.4,46.3,46.35,14500
VHM,2024-10-24 03:31:00,46.35,46.35,46.25,46.25,97200
VHM,2024-10-24 03:32:00,46.25,46.25,46.2,46.25,18100
VHM,2024-10-24 03:33:00,46.25,46.25,46.2,46.2,24400
VHM,2024-10-24 03:34:00,46.2,46.25,46.15,46.25,45900
VHM,2024-10-24 03:35:00,46.25,46.4,46.25,46.3,33500
VHM,2024-10-24 03:36:00,46.3,46.3,46.15,46.15,31400
VHM,2024-10-24 03:37:00,46.15,46.2,46.15,46.15,13700
VHM,2024-10-24 03:38:00,46.15,46.2,46.15,46.2,64600
VHM,2024-10-24 03:39:00,46.2,46.2,46.1,46.2,133900
VHM,2024-10-24 03:40:00,46.2,46.2,46.05,46.1,33200
VHM,2024-10-24 03:41:00,46.1,46.15,45.95,46.0,283200
VHM,2024-10-24 03:42:00,46.0,46.0,45.95,46.0,95700
VHM,2024-10-24 03:43:00,46.0,46.15,45.95,46.15,110700
VHM,2024-10-24 03:44:00,46.15,46.15,46.1,46.1,38400
VHM,2024-10-24 03:45:00,46.1,46.15,46.1,46.1,42600
VHM,2024-10-24 03:46:00,46.1,46.1,46.05,46.1,19200
VHM,2024-10-24 03:47:00,46.1,46.15,46.1,46.15,182100
VHM,2024-10-24 03:48:00,46.15,46.15,46.05,46.05,629400
VHM,2024-10-24 03:49:00,46.05,46.05,46.0,46.05,462700
VHM,2024-10-24 03:50:00,46.05,46.05,46.0,46.0,931500
VHM,2024-10-24 03:51:00,46.0,46.05,46.0,46.0,19700
VHM,2024-10-24 03:52:00,46.0,46.0,46.0,46.0,176300
VHM,2024-10-24 03:53:00,46.0,46.0,45.95,46.0,33100
VHM,2024-10-24 03:54:00,46.0,46.05,45.95,46.05,177100
VHM,2024-10-24 03:55:00,46.05,46.05,46.0,46.0,1600
VHM,2024-10-24 03:56:00,46.0,46.05,45.95,46.05,47100
VHM,2024-10-24 03:57:00,46.05,46.05,46.05,46.05,1500
VHM,2024-10-24 03:58:00,46.05,46.05,46.05,46.05,34900
VHM,2024-10-24 03:59:00,46.05,46.05,46.05,46.05,9100
VHM,2024-10-24 04:00:00,46.05,46.05,46.0,46.05,23200
VHM,2024-10-24 04:01:00,46.05,46.05,46.05,46.05,3400
VHM,2024-10-24 04:02:00,46.05,46.05,46.05,46.05,59500
VHM,2024-10-24 04:03:00,46.05,46.05,46.05,46.05,10800
VHM,2024-10-24 04:04:00,46.05,46.05,46.0,46.0,8200
VHM,2024-10-24 04:05:00,46.0,46.05,46.0,46.0,22300
VHM,2024-10-24 04:06:00,46.0,46.05,46.0,46.05,9000
VHM,2024-10-24 04:07:00,46.05,46.05,46.0,46.0,87800
VHM,2024-10-24 04:08:00,46.0,46.0,45.95,46.0,56700
VHM,2024-10-24 04:09:00,46.0,46.0,45.95,45.95,2800
VHM,2024-10-24 04:10:00,45.95,45.95,45.9,45.9,244700
VHM,2024-10-24 04:11:00,45.9,45.9,45.85,45.9,112800
VHM,2024-10-24 04:12:00,45.9,45.95,45.9,45.9,28000
VHM,2024-10-24 04:13:00,45.9,45.9,45.9,45.9,12900
VHM,2024-10-24 04:14:00,45.9,45.9,45.85,45.9,22200
VHM,2024-10-24 04:15:00,45.9,45.9,45.85,45.9,42500
VHM,2024-10-24 04:16:00,45.9,45.9,45.85,45.85,65500
VHM,2024-10-24 04:17:00,45.85,45.85,45.8,45.85,72900
VHM,2024-10-24 04:18:00,45.85,45.9,45.85,45.85,78300
VHM,2024-10-24 04:19:00,45.85,45.9,45.85,45.9,9000
VHM,2024-10-24 04:20:00,45.9,45.9,45.8,45.85,37700
VHM,2024-10-24 04:21:00,45.85,45.85,45.8,45.8,111000
VHM,2024-10-24 04:22:00,45.8,45.85,45.8,45.8,104200
VHM,2024-10-24 04:23:00,45.8,45.85,45.75,45.75,168600
VHM,2024-10-24 04:24:00,45.75,45.8,45.7,45.75,55600
VHM,2024-10-24 04:25:00,45.75,45.75,45.7,45.7,126200
VHM,2024-10-24 04:26:00,45.7,45.7,45.6,45.6,183300
VHM,2024-10-24 04:27:00,45.6,45.65,45.55,45.65,296500
VHM,2024-10-24 04:28:00,45.65,45.7,45.6,45.7,147000
VHM,2024-10-24 04:29:00,45.7,45.7,45.65,45.7,45000
VHM,2024-10-24 06:00:00,45.7,45.7,45.55,45.55,241300
VHM,2024-10-24 06:01:00,45.55,45.6,45.5,45.55,90100
VHM,2024-10-24 06:02:00,45.55,45.6,45.5,45.6,70000
VHM,2024-10-24 06:03:00,45.6,45.6,45.5,45.55,117300
VHM,2024-10-24 06:04:00,45.55,45.55,45.4,45.5,228400
VHM,2024-10-24 06:05:00,45.5,45.5,45.45,45.5,83600
VHM,2024-10-24 06:06:00,45.5,45.55,45.5,45.55,50600
VHM,2024-10-24 06:07:00,45.55,45.6,45.5,45.55,104400
VHM,2024-10-24 06:08:00,45.55,45.6,45.5,45.5,84300
VHM,2024-10-24 06:09:00,45.5,45.55,45.45,45.5,216800
VHM,2024-10-24 06:10:00,45.5,45.55,45.45,45.5,76000
VHM,2024-10-24 06:11:00,45.5,45.55,45.5,45.55,76300
VHM,2024-10-24 06:12:00,45.55,45.6,45.55,45.6,208400
VHM,2024-10-24 06:13:00,45.6,45.6,45.55,45.6,70600
VHM,2024-10-24 06:14:00,45.6,45.65,45.5,45.5,171600
VHM,2024-10-24 06:15:00,45.5,45.55,45.45,45.45,85300
VHM,2024-10-24 06:16:00,45.45,45.5,45.45,45.45,29700
VHM,2024-10-24 06:17:00,45.45,45.5,45.45,45.5,48000
VHM,2024-10-24 06:18:00,45.5,45.5,45.45,45.45,29500
VHM,2024-10-24 06:19:00,45.45,45.5,45.4,45.45,163700
VHM,2024-10-24 06:20:00,45.45,45.45,45.4,45.45,95300
VHM,2024-10-24 06:21:00,45.45,45.5,45.4,45.4,300700
VHM,2024-10-24 06:22:00,45.4,45.5,45.4,45.45,72300
VHM,2024-10-24 06:23:00,45.45,45.5,45.4,45.5,77000
VHM,2024-10-24 06:24:00,45.5,45.5,45.35,45.35,294500
VHM,2024-10-24 06:25:00,45.35,45.4,45.3,45.35,130800
VHM,2024-10-24 06:26:00,45.35,45.4,45.3,45.4,119100
VHM,2024-10-24 06:27:00,45.4,45.4,45.35,45.35,51800
VHM,2024-10-24 06:28:00,45.35,45.4,45.35,45.35,125900
VHM,2024-10-24 06:29:00,45.35,45.35,45.3,45.3,87800
VHM,2024-10-24 06:30:00,45.3,45.3,45.25,45.25,54200
VHM,2024-10-24 06:31:00,45.25,45.3,45.2,45.25,96000
VHM,2024-10-24 06:32:00,45.25,45.3,45.2,45.25,50200
VHM,2024-10-24 06:33:00,45.25,45.35,45.25,45.3,104600
VHM,2024-10-24 06:34:00,45.3,45.35,45.3,45.3,82200
VHM,2024-10-24 06:35:00,45.3,45.35,45.25,45.25,185000
VHM,2024-10-24 06:36:00,45.25,45.3,45.25,45.3,57500
VHM,2024-10-24 06:37:00,45.3,45.35,45.25,45.3,110200
VHM,2024-10-24 06:38:00,45.3,45.3,45.25,45.25,216800
VHM,2024-10-24 06:39:00,45.25,45.3,45.25,45.25,69000
VHM,2024-10-24 06:40:00,45.25,45.3,45.25,45.25,49400
VHM,2024-10-24 06:41:00,45.25,45.3,45.2,45.3,198600
VHM,2024-10-24 06:42:00,45.3,45.3,45.25,45.3,79200
VHM,2024-10-24 06:43:00,45.3,45.35,45.25,45.35,137500
VHM,2024-10-24 06:44:00,45.35,45.35,45.25,45.25,550200
VHM,2024-10-24 06:45:00,45.25,45.3,45.25,45.25,40100
VHM,2024-10-24 06:46:00,45.25,45.3,45.25,45.25,56000
VHM,2024-10-24 06:47:00,45.25,45.4,45.25,45.4,116800
VHM,2024-10-24 06:48:00,45.4,45.4,45.25,45.3,105400
VHM,2024-10-24 06:49:00,45.3,45.3,45.25,45.25,96700
VHM,2024-10-24 06:50:00,45.25,45.3,45.1,45.1,365700
VHM,2024-10-24 06:51:00,45.1,45.15,45.0,45.0,206100
VHM,2024-10-24 06:52:00,45.0,45.05,44.8,44.9,415300
VHM,2024-10-24 06:53:00,44.9,45.0,44.9,44.95,88900
VHM,2024-10-24 06:54:00,44.95,45.1,44.95,45.1,300400
VHM,2024-10-24 06:55:00,45.1,45.1,45.0,45.05,58300
VHM,2024-10-24 06:56:00,45.05,45.1,45.05,45.05,44800
VHM,2024-10-24 06:57:00,45.05,45.1,45.05,45.1,70200
VHM,2024-10-24 06:58:00,45.1,45.15,45.05,45.1,125400
VHM,2024-10-24 06:59:00,45.1,45.25,45.1,45.25,59300
VHM,2024-10-24 07:00:00,45.25,45.35,45.25,45.35,117000
VHM,2024-10-24 07:01:00,45.35,45.4,45.25,45.3,74900
VHM,2024-10-24 07:02:00,45.3,45.3,45.2,45.3,42300
VHM,2024-10-24 07:03:00,45.3,45.3,45.2,45.2,90700
VHM,2024-10-24 07:04:00,45.2,45.25,45.2,45.2,100100
VHM,2024-10-24 07:05:00,45.2,45.2,45.15,45.2,38500
VHM,2024-10-24 07:06:00,45.2,45.2,45.1,45.15,89700
VHM,2024-10-24 07:07:00,45.15,45.2,45.0,45.0,98700
VHM,2024-10-24 07:08:00,45.0,45.05,44.95,45.0,181000
VHM,2024-10-24 07:09:00,45.0,45.0,44.95,45.0,34900
VHM,2024-10-24 07:10:00,45.0,45.0,44.95,44.95,115200
VHM,2024-10-24 07:11:00,44.95,45.0,44.95,44.95,78300
VHM,2024-10-24 07:12:00,44.95,45.0,44.9,44.9,240400
VHM,2024-10-24 07:13:00,44.9,44.9,44.8,44.8,294000
VHM,2024-10-24 07:14:00,44.8,44.8,44.7,44.7,175900
VHM,2024-10-24 07:15:00,44.7,44.8,44.7,44.75,104200
VHM,2024-10-24 07:16:00,44.75,44.8,44.7,44.75,134400
VHM,2024-10-24 07:17:00,44.75,44.95,44.75,44.9,182300
VHM,2024-10-24 07:18:00,44.9,44.95,44.85,44.9,59800
VHM,2024-10-24 07:19:00,44.9,44.95,44.85,44.85,119500
VHM,2024-10-24 07:20:00,44.85,44.9,44.85,44.85,100400
VHM,2024-10-24 07:21:00,44.85,44.9,44.75,44.8,159200
VHM,2024-10-24 07:22:00,44.8,44.8,44.6,44.65,421300
VHM,2024-10-24 07:23:00,44.65,44.7,44.5,44.65,315800
VHM,2024-10-24 07:24:00,44.65,44.65,44.5,44.6,255300
VHM,2024-10-24 07:25:00,44.6,44.65,44.55,44.65,148600
VHM,2024-10-24 07:26:00,44.65,44.75,44.65,44.75,168100
VHM,2024-10-24 07:27:00,44.75,44.8,44.7,44.75,158300
VHM,2024-10-24 07:28:00,44.75,44.75,44.65,44.7,223700
VHM,2024-10-24 07:29:00,44.7,44.7,43.85,43.85,255800
VHM,2024-10-24 07:45:00,43.85,43.85,43.85,43.85,5036900
VHM,2024-10-25 02:15:00,44.55,44.65,44.55,44.6,518000
VHM,2024-10-25 02:16:00,44.6,44.65,44.45,44.45,98900
VHM,2024-10-25 02:17:00,44.45,44.45,44.0,44.15,164900
VHM,2024-10-25 02:18:00,44.15,44.25,44.05,44.2,45300
VHM,2024-10-25 02:19:00,44.2,44.3,44.1,44.2,136900
VHM,2024-10-25 02:20:00,44.2,44.25,44.2,44.25,27100
VHM,2024-10-25 02:21:00,44.25,44.35,44.2,44.35,96000
VHM,2024-10-25 02:22:00,44.35,44.4,44.35,44.35,59700
VHM,2024-10-25 02:23:00,44.35,44.5,44.35,44.35,116100
VHM,2024-10-25 02:24:00,44.35,44.35,44.3,44.35,33000
VHM,2024-10-25 02:25:00,44.35,44.4,44.35,44.4,41000
VHM,2024-10-25 02:26:00,44.4,44.4,44.4,44.4,20200
VHM,2024-10-25 02:27:00,44.4,44.45,44.2,44.25,77100
VHM,2024-10-25 02:28:00,44.25,44.3,44.2,44.3,8100
VHM,2024-10-25 02:29:00,44.3,44.35,44.3,44.35,22700
VHM,2024-10-25 02:30:00,44.35,44.35,44.3,44.3,24100
VHM,2024-10-25 02:31:00,44.3,44.35,44.3,44.35,14100
VHM,2024-10-25 02:32:00,44.35,44.4,44.3,44.4,45800
VHM,2024-10-25 02:33:00,44.4,44.4,44.2,44.2,74300
VHM,2024-10-25 02:34:00,44.2,44.35,44.2,44.35,177400
VHM,2024-10-25 02:35:00,44.35,44.35,44.35,44.35,23200
VHM,2024-10-25 02:36:00,44.35,44.35,44.3,44.3,14000
VHM,2024-10-25 02:37:00,44.3,44.3,44.25,44.3,8200
VHM,2024-10-25 02:38:00,44.3,44.3,44.25,44.3,20300
VHM,2024-10-25 02:39:00,44.3,44.3,44.25,44.3,26400
VHM,2024-10-25 02:40:00,44.3,44.3,44.25,44.25,6700
VHM,2024-10-25 02:41:00,44.25,44.25,44.2,44.25,21600
VHM,2024-10-25 02:42:00,44.25,44.25,44.2,44.25,58600
VHM,2024-10-25 02:43:00,44.25,44.25,44.2,44.2,5700
VHM,2024-10-25 02:44:00,44.2,44.2,44.2,44.2,19700
VHM,2024-10-25 02:45:00,44.2,44.2,44.15,44.2,14000
VHM,2024-10-25 02:46:00,44.2,44.25,44.2,44.2,1600
VHM,2024-10-25 02:47:00,44.2,44.2,44.05,44.05,200300
VHM,2024-10-25 02:48:00,44.05,44.05,43.95,44.0,131100
VHM,2024-10-25 02:49:00,44.0,44.15,43.95,44.15,95800
VHM,2024-10-25 02:50:00,44.15,44.15,44.1,44.1,13300
VHM,2024-10-25 02:51:00,44.1,44.15,44.1,44.15,26500
VHM,2024-10-25 02:52:00,44.15,44.2,44.1,44.15,21500
VHM,2024-10-25 02:53:00,44.15,44.2,44.15,44.2,55200
VHM,2024-10-25 02:54:00,44.2,44.2,44.2,44.2,6400
VHM,2024-10-25 02:55:00,44.2,44.2,44.2,44.2,30300
VHM,2024-10-25 02:56:00,44.2,44.25,44.2,44.25,7700
VHM,2024-10-25 02:57:00,44.25,44.3,44.2,44.2,80800
VHM,2024-10-25 02:58:00,44.2,44.2,44.2,44.2,5800
VHM,2024-10-25 02:59:00,44.2,44.2,44.15,44.2,18300
VHM,2024-10-25 03:00:00,44.2,44.2,44.2,44.2,3100
VHM,2024-10-25 03:01:00,44.2,44.2,44.1,44.15,97800
VHM,2024-10-25 03:02:00,44.15,44.15,44.1,44.1,3400
VHM,2024-10-25 03:03:00,44.1,44.1,44.05,44.05,28500
VHM,2024-10-25 03:04:00,44.05,44.05,44.0,44.05,62500
VHM,2024-10-25 03:05:00,44.05,44.05,44.0,44.0,23900
VHM,2024-10-25 03:06:00,44.0,44.0,44.0,44.0,6400
VHM,2024-10-25 03:07:00,44.0,44.05,44.0,44.05,1300
VHM,2024-10-25 03:08:00,44.05,44.05,44.0,44.0,54100
VHM,2024-10-25 03:09:00,44.0,44.0,43.95,44.0,24600
VHM,2024-10-25 03:10:00,44.0,44.05,44.0,44.05,3200
VHM,2024-10-25 03:11:00,44.05,44.05,44.05,44.05,15400
VHM,2024-10-25 03:12:00,44.05,44.05,43.95,44.0,50400
VHM,2024-10-25 03:13:00,44.0,44.0,43.95,44.0,10300
VHM,2024-10-25 03:14:00,44.0,44.05,43.95,44.0,71400
VHM,2024-10-25 03:15:00,44.0,44.0,43.95,44.0,77400
VHM,2024-10-25 03:16:00,44.0,44.0,43.95,43.95,10500
VHM,2024-10-25 03:17:00,43.95,44.05,43.95,44.05,45800
VHM,2024-10-25 03:18:00,44.05,44.05,44.0,44.05,55900
VHM,2024-10-25 03:19:00,44.05,44.15,44.05,44.15,28000
VHM,2024-10-25 03:20:00,44.15,44.15,44.1,44.1,7500
VHM,2024-10-25 03:21:00,44.1,44.2,44.0,44.0,181300
VHM,2024-10-25 03:22:00,44.0,44.1,44.0,44.0,12100
VHM,2024-10-25 03:23:00,44.0,44.1,44.0,44.1,88700
VHM,2024-10-25 03:24:00,44.1,44.1,44.05,44.05,45600
VHM,2024-10-25 03:25:00,44.05,44.05,44.0,44.05,87400
VHM,2024-10-25 03:26:00,44.05,44.1,44.0,44.1,232300
VHM,2024-10-25 03:27:00,44.1,44.1,44.1,44.1,15400
VHM,2024-10-25 03:28:00,44.1,44.15,44.1,44.1,16800
VHM,2024-10-25 03:29:00,44.1,44.15,44.0,44.05,298400
VHM,2024-10-25 03:30:00,44.05,44.05,44.0,44.05,52000
VHM,2024-10-25 03:31:00,44.05,44.1,44.05,44.1,18100
VHM,2024-10-25 03:32:00,44.1,44.1,44.1,44.1,3900
VHM,2024-10-25 03:33:00,44.1,44.1,44.0,44.05,143000
VHM,2024-10-25 03:34:00,44.05,44.05,44.0,44.0,62100
VHM,2024-10-25 03:35:00,44.0,44.15,44.0,44.0,40400
VHM,2024-10-25 03:36:00,44.0,44.1,44.0,44.05,20600
VHM,2024-10-25 03:37:00,44.05,44.05,44.0,44.0,57000
VHM,2024-10-25 03:38:00,44.0,44.05,44.0,44.0,13500
VHM,2024-10-25 03:39:00,44.0,44.0,44.0,44.0,23600
VHM,2024-10-25 03:40:00,44.0,44.0,44.0,44.0,1200
VHM,2024-10-25 03:41:00,44.0,44.0,43.85,43.85,366000
VHM,2024-10-25 03:42:00,43.85,43.9,43.85,43.85,93400
VHM,2024-10-25 03:43:00,43.85,43.9,43.85,43.9,10600
VHM,2024-10-25 03:44:00,43.9,43.9,43.9,43.9,25300
VHM,2024-10-25 03:45:00,43.9,43.9,43.85,43.85,63400
VHM,2024-10-25 03:46:00,43.85,43.85,43.85,43.85,713000
VHM,2024-10-25 03:47:00,43.85,43.9,43.85,43.85,918000
VHM,2024-10-25 03:48:00,43.85,43.95,43.85,43.9,922600
VHM,2024-10-25 03:49:00,43.9,43.9,43.85,43.85,349100
VHM,2024-10-25 03:50:00,43.85,43.9,43.85,43.85,855800
VHM,2024-10-25 03:51:00,43.85,43.85,43.85,43.85,52900
VHM,2024-10-25 03:52:00,43.85,43.85,43.8,43.85,7600
VHM,2024-10-25 03:53:00,43.85,43.85,43.85,43.85,7500
VHM,2024-10-25 03:54:00,43.85,43.9,43.85,43.9,44600
VHM,2024-10-25 03:55:00,43.9,43.9,43.85,43.85,32400
VHM,2024-10-25 03:56:00,43.85,43.85,43.8,43.85,18500
VHM,2024-10-25 03:57:00,43.85,43.85,43.8,43.85,22700
VHM,2024-10-25 03:58:00,43.85,43.85,43.8,43.85,27800
VHM,2024-10-25 03:59:00,43.85,43.85,43.8,43.85,47900
VHM,2024-10-25 04:00:00,43.85,43.85,43.85,43.85,20000
VHM,2024-10-25 04:01:00,43.85,43.85,43.8,43.85,30800
VHM,2024-10-25 04:02:00,43.85,43.85,43.85,43.85,14900
VHM,2024-10-25 04:03:00,43.85,43.85,43.85,43.85,7300
VHM,2024-10-25 04:04:00,43.85,43.85,43.8,43.85,86900
VHM,2024-10-25 04:05:00,43.85,43.9,43.8,43.9,46800
VHM,2024-10-25 04:06:00,43.9,43.9,43.9,43.9,5800
VHM,2024-10-25 04:07:00,43.9,43.9,43.9,43.9,78400
VHM,2024-10-25 04:08:00,43.9,43.95,43.9,43.95,28100
VHM,2024-10-25 04:09:00,43.95,44.0,43.95,44.0,172900
VHM,2024-10-25 04:10:00,44.0,44.0,44.0,44.0,47600
VHM,2024-10-25 04:11:00,44.0,44.0,44.0,44.0,41400
VHM,2024-10-25 04:12:00,44.0,44.0,43.95,44.0,39900
VHM,2024-10-25 04:13:00,44.0,44.0,43.95,44.0,24200
VHM,2024-10-25 04:14:00,44.0,44.0,43.9,43.95,10500
VHM,2024-10-25 04:15:00,43.95,43.95,43.9,43.95,19100
VHM,2024-10-25 04:16:00,43.95,43.95,43.85,43.85,57000
VHM,2024-10-25 04:17:00,43.85,43.9,43.85,43.85,42700
VHM,2024-10-25 04:18:00,43.85,43.9,43.85,43.85,31800
VHM,2024-10-25 04:19:00,43.85,43.9,43.85,43.9,5700
VHM,2024-10-25 04:20:00,43.9,43.9,43.85,43.85,33900
VHM,2024-10-25 04:21:00,43.85,43.9,43.85,43.9,32200
VHM,2024-10-25 04:22:00,43.9,43.9,43.8,43.85,150500
VHM,2024-10-25 04:23:00,43.85,43.9,43.8,43.8,59100
VHM,2024-10-25 04:24:00,43.8,43.85,43.8,43.8,77200
VHM,2024-10-25 04:25:00,43.8,43.85,43.8,43.85,15800
VHM,2024-10-25 04:26:00,43.85,43.9,43.85,43.9,7000
VHM,2024-10-25 04:27:00,43.9,43.9,43.9,43.9,13800
VHM,2024-10-25 04:28:00,43.9,43.95,43.9,43.95,55400
VHM,2024-10-25 04:29:00,43.95,43.95,43.85,43.9,31300
VHM,2024-10-25 06:00:00,43.9,43.9,43.85,43.9,51200
VHM,2024-10-25 06:01:00,43.9,43.95,43.9,43.95,19000
VHM,2024-10-25 06:02:00,43.95,43.95,43.9,43.95,19200
VHM,2024-10-25 06:03:00,43.95,44.0,43.9,43.95,30000
VHM,2024-10-25 06:04:00,43.95,44.0,43.95,44.0,8400
VHM,2024-10-25 06:05:00,44.0,44.0,43.95,43.95,123800
VHM,2024-10-25 06:06:00,43.95,44.0,43.95,43.95,31200
VHM,2024-10-25 06:07:00,43.95,44.0,43.95,44.0,12500
VHM,2024-10-25 06:08:00,44.0,44.0,43.9,43.9,143200
VHM,2024-10-25 06:09:00,43.9,44.0,43.9,44.0,26400
VHM,2024-10-25 06:10:00,44.0,44.0,43.9,43.9,70800
VHM,2024-10-25 06:11:00,43.9,43.95,43.9,43.95,44700
VHM,2024-10-25 06:12:00,43.95,44.0,43.9,44.0,21600
VHM,2024-10-25 06:13:00,44.0,44.0,43.95,43.95,29400
VHM,2024-10-25 06:14:00,43.95,43.95,43.95,43.95,24200
VHM,2024-10-25 06:15:00,43.95,44.0,43.95,43.95,16800
VHM,2024-10-25 06:16:00,43.95,43.95,43.9,43.9,35900
VHM,2024-10-25 06:17:00,43.9,43.95,43.9,43.9,39800
VHM,2024-10-25 06:18:00,43.9,43.95,43.9,43.95,49200
VHM,2024-10-25 06:19:00,43.95,43.95,43.9,43.9,75900
VHM,2024-10-25 06:20:00,43.9,43.95,43.9,43.95,66400
VHM,2024-10-25 06:21:00,43.95,44.0,43.9,44.0,103200
VHM,2024-10-25 06:22:00,44.0,44.0,43.95,43.95,45500
VHM,2024-10-25 06:23:00,43.95,43.95,43.9,43.9,163100
VHM,2024-10-25 06:24:00,43.9,43.95,43.9,43.9,26900
VHM,2024-10-25 06:25:00,43.9,43.9,43.85,43.9,39200
VHM,2024-10-25 06:26:00,43.9,43.9,43.9,43.9,9800
VHM,2024-10-25 06:27:00,43.9,43.9,43.85,43.9,17100
VHM,2024-10-25 06:28:00,43.9,43.9,43.9,43.9,4000
VHM,2024-10-25 06:29:00,43.9,43.9,43.85,43.9,4300
VHM,2024-10-25 06:30:00,43.9,43.9,43.85,43.85,57400
VHM,2024-10-25 06:31:00,43.85,43.9,43.8,43.85,21400
VHM,2024-10-25 06:32:00,43.85,43.85,43.8,43.8,97500
VHM,2024-10-25 06:33:00,43.8,43.8,43.7,43.75,503500
VHM,2024-10-25 06:34:00,43.75,43.8,43.7,43.75,767800
VHM,2024-10-25 06:35:00,43.75,43.8,43.75,43.75,724500
VHM,2024-10-25 06:36:00,43.75,43.8,43.75,43.75,810300
VHM,2024-10-25 06:37:00,43.75,43.8,43.75,43.8,438400
VHM,2024-10-25 06:38:00,43.8,43.85,43.8,43.8,131500
VHM,2024-10-25 06:39:00,43.8,43.8,43.75,43.8,508600
VHM,2024-10-25 06:40:00,43.8,43.85,43.75,43.8,617200
VHM,2024-10-25 06:41:00,43.8,43.85,43.8,43.8,509400
VHM,2024-10-25 06:42:00,43.8,43.8,43.75,43.8,537200
VHM,2024-10-25 06:43:00,43.8,43.8,43.75,43.8,311600
VHM,2024-10-25 06:44:00,43.8,43.85,43.75,43.8,324800
VHM,2024-10-25 06:45:00,43.8,43.85,43.75,43.8,206300
VHM,2024-10-25 06:46:00,43.8,43.85,43.75,43.8,174200
VHM,2024-10-25 06:47:00,43.8,43.85,43.75,43.8,551200
VHM,2024-10-25 06:48:00,43.8,43.85,43.8,43.8,609500
VHM,2024-10-25 06:49:00,43.8,43.85,43.8,43.85,426200
VHM,2024-10-25 06:50:00,43.85,43.9,43.85,43.85,270000
VHM,2024-10-25 06:51:00,43.85,43.9,43.85,43.9,20200
VHM,2024-10-25 06:52:00,43.9,43.9,43.85,43.85,16300
VHM,2024-10-25 06:53:00,43.85,43.9,43.8,43.85,33900
VHM,2024-10-25 06:54:00,43.85,43.85,43.8,43.8,63200
VHM,2024-10-25 06:55:00,43.8,43.85,43.8,43.85,8000
VHM,2024-10-25 06:56:00,43.85,43.85,43.8,43.85,34400
VHM,2024-10-25 06:57:00,43.85,43.85,43.8,43.85,25800
VHM,2024-10-25 06:58:00,43.85,43.9,43.8,43.85,65700
VHM,2024-10-25 06:59:00,43.85,43.85,43.8,43.8,64400
VHM,2024-10-25 07:00:00,43.8,43.85,43.8,43.8,16400
VHM,2024-10-25 07:01:00,43.8,43.85,43.8,43.85,44400
VHM,2024-10-25 07:02:00,43.85,43.85,43.8,43.85,51700
VHM,2024-10-25 07:03:00,43.85,43.9,43.85,43.85,56200
VHM,2024-10-25 07:04:00,43.85,43.85,43.8,43.8,35700
VHM,2024-10-25 07:05:00,43.8,43.85,43.8,43.8,96300
VHM,2024-10-25 07:06:00,43.8,43.85,43.8,43.8,27600
VHM,2024-10-25 07:07:00,43.8,43.85,43.8,43.8,320500
VHM,2024-10-25 07:08:00,43.8,43.8,43.75,43.75,60800
VHM,2024-10-25 07:09:00,43.75,43.8,43.7,43.7,410000
VHM,2024-10-25 07:10:00,43.7,43.75,43.7,43.7,13600
VHM,2024-10-25 07:11:00,43.7,43.75,43.65,43.65,41000
VHM,2024-10-25 07:12:00,43.65,43.65,43.6,43.6,140000
VHM,2024-10-25 07:13:00,43.6,43.65,43.55,43.6,82100
VHM,2024-10-25 07:14:00,43.6,43.75,43.55,43.65,218000
VHM,2024-10-25 07:15:00,43.65,43.7,43.55,43.65,122500
VHM,2024-10-25 07:16:00,43.65,43.75,43.55,43.75,192100
VHM,2024-10-25 07:17:00,43.75,43.75,43.6,43.65,27900
VHM,2024-10-25 07:18:00,43.65,43.7,43.65,43.65,24600
VHM,2024-10-25 07:19:00,43.65,43.7,43.6,43.65,73300
VHM,2024-10-25 07:20:00,43.65,43.65,43.55,43.65,58200
VHM,2024-10-25 07:21:00,43.65,43.7,43.65,43.65,69600
VHM,2024-10-25 07:22:00,43.65,43.7,43.65,43.65,47700
VHM,2024-10-25 07:23:00,43.65,43.7,43.6,43.65,67700
VHM,2024-10-25 07:24:00,43.65,43.65,43.6,43.65,68300
VHM,2024-10-25 07:25:00,43.65,43.65,43.65,43.65,121300
VHM,2024-10-25 07:26:00,43.65,43.65,43.6,43.6,154700
VHM,2024-10-25 07:27:00,43.6,43.65,43.6,43.6,31500
VHM,2024-10-25 07:28:00,43.6,43.6,43.55,43.6,72400
VHM,2024-10-25 07:29:00,43.6,43.85,43.5,43.85,147200
VHM,2024-10-25 07:45:00,43.85,43.85,43.85,43.85,700700
VHM,2024-10-28 02:15:00,43.7,43.85,43.7,43.85,56800
VHM,2024-10-28 02:16:00,43.85,43.95,43.85,43.95,20000
VHM,2024-10-28 02:17:00,43.95,44.0,43.95,44.0,42100
VHM,2024-10-28 02:18:00,44.0,44.15,44.0,44.15,49500
VHM,2024-10-28 02:19:00,44.15,44.25,44.15,44.2,80200
VHM,2024-10-28 02:20:00,44.2,44.2,44.0,44.0,99900
VHM,2024-10-28 02:21:00,44.0,44.05,43.95,43.95,26600
VHM,2024-10-28 02:22:00,43.95,43.95,43.85,43.9,17100
VHM,2024-10-28 02:23:00,43.9,43.9,43.85,43.85,82500
VHM,2024-10-28 02:24:00,43.85,43.85,43.8,43.85,46200
VHM,2024-10-28 02:25:00,43.85,43.85,43.8,43.85,26500
VHM,2024-10-28 02:26:00,43.85,43.85,43.85,43.85,8300
VHM,2024-10-28 02:27:00,43.85,43.9,43.85,43.9,22000
VHM,2024-10-28 02:28:00,43.9,43.9,43.85,43.85,62500
VHM,2024-10-28 02:29:00,43.85,43.85,43.85,43.85,23600
VHM,2024-10-28 02:30:00,43.85,43.85,43.85,43.85,19000
VHM,2024-10-28 02:31:00,43.85,43.85,43.8,43.8,48200
VHM,2024-10-28 02:32:00,43.8,43.85,43.8,43.8,51000
VHM,2024-10-28 02:33:00,43.8,43.85,43.8,43.8,19000
VHM,2024-10-28 02:34:00,43.8,43.8,43.8,43.8,9800
VHM,2024-10-28 02:35:00,43.8,43.8,43.8,43.8,3100
VHM,2024-10-28 02:36:00,43.8,43.85,43.8,43.85,21700
VHM,2024-10-28 02:37:00,43.85,43.85,43.8,43.85,5600
VHM,2024-10-28 02:39:00,43.85,43.85,43.8,43.8,6900
VHM,2024-10-28 02:40:00,43.8,43.8,43.8,43.8,4200
VHM,2024-10-28 02:41:00,43.8,43.85,43.75,43.75,66200
VHM,2024-10-28 02:42:00,43.75,43.8,43.75,43.75,54400
VHM,2024-10-28 02:43:00,43.75,43.75,43.7,43.7,7600
VHM,2024-10-28 02:44:00,43.7,43.75,43.65,43.65,61100
VHM,2024-10-28 02:45:00,43.65,43.65,43.65,43.65,28300
VHM,2024-10-28 02:46:00,43.65,43.65,43.6,43.65,76800
VHM,2024-10-28 02:47:00,43.65,43.65,43.55,43.6,19800
VHM,2024-10-28 02:48:00,43.6,43.6,43.55,43.55,12100
VHM,2024-10-28 02:49:00,43.55,43.55,43.45,43.45,177300
VHM,2024-10-28 02:50:00,43.45,43.5,43.45,43.45,18700
VHM,2024-10-28 02:51:00,43.45,43.45,43.45,43.45,43200
VHM,2024-10-28 02:52:00,43.45,43.45,43.4,43.45,63100
VHM,2024-10-28 02:53:00,43.45,43.5,43.4,43.45,140300
VHM,2024-10-28 02:54:00,43.45,43.45,43.4,43.45,13700
VHM,2024-10-28 02:55:00,43.45,43.5,43.45,43.45,19800
VHM,2024-10-28 02:56:00,43.45,43.45,43.45,43.45,1900
VHM,2024-10-28 02:57:00,43.45,43.5,43.45,43.5,3900
VHM,2024-10-28 02:58:00,43.5,43.5,43.45,43.5,50200
VHM,2024-10-28 02:59:00,43.5,43.5,43.4,43.4,30800
VHM,2024-10-28 03:00:00,43.4,43.45,43.4,43.45,27100
VHM,2024-10-28 03:01:00,43.45,43.5,43.4,43.5,10500
VHM,2024-10-28 03:02:00,43.5,43.5,43.4,43.4,55600
VHM,2024-10-28 03:03:00,43.4,43.45,43.4,43.4,43200
VHM,2024-10-28 03:04:00,43.4,43.45,43.4,43.4,24600
VHM,2024-10-28 03:05:00,43.4,43.45,43.4,43.45,23500
VHM,2024-10-28 03:06:00,43.45,43.45,43.4,43.4,67800
VHM,2024-10-28 03:07:00,43.4,43.45,43.4,43.45,19300
VHM,2024-10-28 03:08:00,43.45,43.45,43.4,43.45,2300
VHM,2024-10-28 03:09:00,43.45,43.45,43.4,43.45,13800
VHM,2024-10-28 03:10:00,43.45,43.45,43.4,43.4,116300
VHM,2024-10-28 03:11:00,43.4,43.4,43.25,43.25,368400
VHM,2024-10-28 03:12:00,43.25,43.25,43.25,43.25,65800
VHM,2024-10-28 03:13:00,43.25,43.25,43.2,43.2,77300
VHM,2024-10-28 03:14:00,43.2,43.2,43.1,43.1,176600
VHM,2024-10-28 03:15:00,43.1,43.1,43.0,43.1,554300
VHM,2024-10-28 03:16:00,43.1,43.1,43.0,43.1,31600
VHM,2024-10-28 03:17:00,43.1,43.2,43.1,43.2,41600
VHM,2024-10-28 03:18:00,43.2,43.25,43.15,43.2,31200
VHM,2024-10-28 03:19:00,43.2,43.25,43.2,43.25,8200
VHM,2024-10-28 03:20:00,43.25,43.25,43.25,43.25,12800
VHM,2024-10-28 03:21:00,43.25,43.25,43.2,43.25,17700
VHM,2024-10-28 03:22:00,43.25,43.25,43.25,43.25,4800
VHM,2024-10-28 03:23:00,43.25,43.25,43.25,43.25,8700
VHM,2024-10-28 03:24:00,43.25,43.25,43.2,43.25,11300
VHM,2024-10-28 03:25:00,43.25,43.25,43.2,43.2,76800
VHM,2024-10-28 03:26:00,43.2,43.2,43.2,43.2,8900
VHM,2024-10-28 03:27:00,43.2,43.2,43.1,43.1,165200
VHM,2024-10-28 03:28:00,43.1,43.15,43.1,43.15,22900
VHM,2024-10-28 03:29:00,43.15,43.15,43.0,43.1,214700
VHM,2024-10-28 03:30:00,43.1,43.1,43.0,43.0,53600
VHM,2024-10-28 03:31:00,43.0,43.1,43.0,43.05,28300
VHM,2024-10-28 03:32:00,43.05,43.1,43.05,43.05,22500
VHM,2024-10-28 03:33:00,43.05,43.1,43.0,43.1,98200
VHM,2024-10-28 03:34:00,43.1,43.1,43.0,43.0,239500
VHM,2024-10-28 03:35:00,43.0,43.0,42.95,43.0,537200
VHM,2024-10-28 03:36:00,43.0,43.05,42.95,43.0,567300
VHM,2024-10-28 03:37:00,43.0,43.0,42.95,43.0,667800
VHM,2024-10-28 03:38:00,43.0,43.0,42.9,42.95,593600
VHM,2024-10-28 03:39:00,42.95,42.95,42.8,42.85,287400
VHM,2024-10-28 03:40:00,42.85,42.85,42.75,42.75,152900
VHM,2024-10-28 03:41:00,42.75,42.85,42.7,42.8,222000
VHM,2024-10-28 03:42:00,42.8,42.8,42.75,42.8,65200
VHM,2024-10-28 03:43:00,42.8,42.85,42.75,42.85,29700
VHM,2024-10-28 03:44:00,42.85,42.85,42.8,42.8,13400
VHM,2024-10-28 03:45:00,42.8,42.9,42.8,42.85,202900
VHM,2024-10-28 03:46:00,42.85,42.85,42.75,42.8,41300
VHM,2024-10-28 03:47:00,42.8,43.0,42.8,42.95,143000
VHM,2024-10-28 03:48:00,42.95,43.0,42.95,42.95,56100
VHM,2024-10-28 03:49:00,42.95,42.95,42.9,42.9,106500
VHM,2024-10-28 03:50:00,42.9,43.0,42.9,42.95,48100
VHM,2024-10-28 03:51:00,42.95,43.0,42.9,42.9,71000
VHM,2024-10-28 03:52:00,42.9,43.0,42.9,43.0,42900
VHM,2024-10-28 03:53:00,43.0,43.0,42.9,42.95,54100
VHM,2024-10-28 03:54:00,42.95,42.95,42.9,42.9,23800
VHM,2024-10-28 03:55:00,42.9,42.95,42.9,42.95,38000
VHM,2024-10-28 03:56:00,42.95,42.95,42.95,42.95,115400
VHM,2024-10-28 03:57:00,42.95,42.95,42.95,42.95,960200
VHM,2024-10-28 03:58:00,42.95,42.95,42.95,42.95,817100
VHM,2024-10-28 03:59:00,42.95,42.95,42.9,42.95,461200
VHM,2024-10-28 04:00:00,42.95,42.95,42.9,42.95,106300
VHM,2024-10-28 04:01:00,42.95,42.95,42.9,42.95,97800
VHM,2024-10-28 04:02:00,42.95,42.95,42.9,42.9,26500
VHM,2024-10-28 04:03:00,42.9,42.9,42.85,42.85,53000
VHM,2024-10-28 04:04:00,42.85,42.9,42.8,42.9,65900
VHM,2024-10-28 04:05:00,42.9,42.95,42.8,42.95,122200
VHM,2024-10-28 04:06:00,42.95,43.0,42.9,42.9,105400
VHM,2024-10-28 04:07:00,42.9,42.9,42.9,42.9,21000
VHM,2024-10-28 04:08:00,42.9,42.9,42.9,42.9,20100
VHM,2024-10-28 04:09:00,42.9,42.95,42.9,42.9,13800
VHM,2024-10-28 04:10:00,42.9,42.9,42.9,42.9,30600
VHM,2024-10-28 04:11:00,42.9,42.95,42.9,42.95,18700
VHM,2024-10-28 04:12:00,42.95,42.95,42.85,42.85,52800
VHM,2024-10-28 04:13:00,42.85,42.95,42.85,42.95,22200
VHM,2024-10-28 04:14:00,42.95,42.95,42.85,42.85,32400
VHM,2024-10-28 04:15:00,42.85,42.9,42.85,42.85,53400
VHM,2024-10-28 04:16:00,42.85,42.9,42.85,42.9,25400
VHM,2024-10-28 04:17:00,42.9,42.9,42.85,42.9,39200
VHM,2024-10-28 04:18:00,42.9,42.9,42.85,42.85,16700
VHM,2024-10-28 04:19:00,42.85,42.85,42.85,42.85,26800
VHM,2024-10-28 04:20:00,42.85,42.85,42.8,42.85,113800
VHM,2024-10-28 04:21:00,42.85,42.85,42.75,42.75,89600
VHM,2024-10-28 04:22:00,42.75,42.8,42.7,42.7,210300
VHM,2024-10-28 04:23:00,42.7,42.8,42.65,42.65,48400
VHM,2024-10-28 04:24:00,42.65,42.7,42.65,42.7,12000
VHM,2024-10-28 04:25:00,42.7,42.7,42.65,42.7,48400
VHM,2024-10-28 04:26:00,42.7,42.7,42.65,42.65,142500
VHM,2024-10-28 04:27:00,42.65,42.7,42.65,42.65,38400
VHM,2024-10-28 04:28:00,42.65,42.65,42.5,42.6,229700
VHM,2024-10-28 04:29:00,42.6,42.65,42.55,42.6,11900
VHM,2024-10-28 06:00:00,42.6,42.6,42.5,42.6,128600
VHM,2024-10-28 06:01:00,42.6,42.6,42.6,42.6,61200
VHM,2024-10-28 06:02:00,42.6,42.7,42.6,42.7,76000
VHM,2024-10-28 06:03:00,42.7,42.7,42.65,42.65,27300
VHM,2024-10-28 06:04:00,42.65,42.8,42.65,42.8,105900
VHM,2024-10-28 06:05:00,42.8,42.9,42.8,42.9,81400
VHM,2024-10-28 06:06:00,42.9,42.95,42.9,42.9,69400
VHM,2024-10-28 06:07:00,42.9,42.9,42.85,42.85,22700
VHM,2024-10-28 06:08:00,42.85,42.85,42.75,42.75,45300
VHM,2024-10-28 06:09:00,42.75,42.8,42.75,42.75,11700
VHM,2024-10-28 06:10:00,42.75,42.75,42.75,42.75,49200
VHM,2024-10-28 06:11:00,42.75,42.85,42.75,42.85,41800
VHM,2024-10-28 06:12:00,42.85,42.85,42.8,42.85,49900
VHM,2024-10-28 06:13:00,42.85,42.9,42.85,42.9,42400
VHM,2024-10-28 06:14:00,42.9,42.95,42.9,42.9,13500
VHM,2024-10-28 06:15:00,42.9,42.9,42.9,42.9,5800
VHM,2024-10-28 06:16:00,42.9,42.95,42.85,42.9,29800
VHM,2024-10-28 06:17:00,42.9,42.95,42.9,42.95,51700
VHM,2024-10-28 06:18:00,42.95,42.95,42.9,42.95,15200
VHM,2024-10-28 06:19:00,42.95,43.0,42.95,43.0,63300
VHM,2024-10-28 06:20:00,43.0,43.05,43.0,43.0,103700
VHM,2024-10-28 06:21:00,43.0,43.05,43.0,43.0,57400
VHM,2024-10-28 06:22:00,43.0,43.0,43.0,43.0,36700
VHM,2024-10-28 06:23:00,43.0,43.1,43.0,43.1,72800
VHM,2024-10-28 06:24:00,43.1,43.2,43.1,43.15,86900
VHM,2024-10-28 06:25:00,43.15,43.2,43.1,43.2,93600
VHM,2024-10-28 06:26:00,43.2,43.25,43.2,43.25,76500
VHM,2024-10-28 06:27:00,43.25,43.25,43.2,43.2,87000
VHM,2024-10-28 06:28:00,43.2,43.25,43.1,43.2,98300
VHM,2024-10-28 06:29:00,43.2,43.2,43.15,43.2,36200
VHM,2024-10-28 06:30:00,43.2,43.2,43.1,43.1,93300
VHM,2024-10-28 06:31:00,43.1,43.1,43.05,43.05,56600
VHM,2024-10-28 06:32:00,43.05,43.1,43.05,43.1,71600
VHM,2024-10-28 06:33:00,43.1,43.1,43.05,43.05,27000
VHM,2024-10-28 06:34:00,43.05,43.15,43.05,43.15,72700
VHM,2024-10-28 06:35:00,43.15,43.15,43.1,43.1,5000
VHM,2024-10-28 06:36:00,43.1,43.15,43.1,43.15,38100
VHM,2024-10-28 06:37:00,43.15,43.15,43.1,43.15,47000
VHM,2024-10-28 06:38:00,43.15,43.15,43.1,43.1,9200
VHM,2024-10-28 06:39:00,43.1,43.1,43.0,43.0,60900
VHM,2024-10-28 06:40:00,43.0,43.1,43.0,43.1,8900
VHM,2024-10-28 06:41:00,43.1,43.1,43.05,43.1,36000
VHM,2024-10-28 06:42:00,43.1,43.1,43.1,43.1,27100
VHM,2024-10-28 06:43:00,43.1,43.1,43.05,43.1,6900
VHM,2024-10-28 06:44:00,43.1,43.1,43.05,43.1,2800
VHM,2024-10-28 06:45:00,43.1,43.1,43.1,43.1,12200
VHM,2024-10-28 06:46:00,43.1,43.1,43.05,43.1,28000
VHM,2024-10-28 06:48:00,43.1,43.1,43.05,43.05,59800
VHM,2024-10-28 06:49:00,43.05,43.05,43.0,43.05,47400
VHM,2024-10-28 06:50:00,43.05,43.05,43.0,43.05,7800
VHM,2024-10-28 06:51:00,43.05,43.1,43.05,43.05,22000
VHM,2024-10-28 06:52:00,43.05,43.1,43.05,43.05,9700
VHM,2024-10-28 06:53:00,43.05,43.1,43.05,43.1,3100
VHM,2024-10-28 06:54:00,43.1,43.1,43.05,43.05,62500
VHM,2024-10-28 06:55:00,43.05,43.05,43.0,43.0,88100
VHM,2024-10-28 06:56:00,43.0,43.0,43.0,43.0,46900
VHM,2024-10-28 06:57:00,43.0,43.0,43.0,43.0,12300
VHM,2024-10-28 06:58:00,43.0,43.0,42.95,42.95,25600
VHM,2024-10-28 06:59:00,42.95,43.0,42.95,42.95,4300
VHM,2024-10-28 07:00:00,42.95,43.0,42.95,43.0,4500
VHM,2024-10-28 07:01:00,43.0,43.0,42.95,42.95,18700
VHM,2024-10-28 07:02:00,42.95,43.0,42.95,43.0,24900
VHM,2024-10-28 07:03:00,43.0,43.0,42.9,42.95,44300
VHM,2024-10-28 07:04:00,42.95,42.95,42.9,42.9,11100
VHM,2024-10-28 07:05:00,42.9,42.95,42.9,42.9,33900
VHM,2024-10-28 07:06:00,42.9,42.9,42.85,42.9,19500
VHM,2024-10-28 07:07:00,42.9,42.9,42.85,42.9,11700
VHM,2024-10-28 07:08:00,42.9,42.9,42.85,42.85,26500
VHM,2024-10-28 07:09:00,42.85,42.85,42.85,42.85,31100
VHM,2024-10-28 07:10:00,42.85,42.85,42.8,42.85,14900
VHM,2024-10-28 07:11:00,42.85,43.0,42.85,42.95,126400
VHM,2024-10-28 07:12:00,42.95,42.95,42.9,42.95,7500
VHM,2024-10-28 07:13:00,42.95,42.95,42.9,42.95,10300
VHM,2024-10-28 07:14:00,42.95,43.0,42.9,43.0,28700
VHM,2024-10-28 07:15:00,43.0,43.0,42.95,43.0,23400
VHM,2024-10-28 07:16:00,43.0,43.0,42.95,43.0,88900
VHM,2024-10-28 07:17:00,43.0,43.0,42.95,42.95,24000
VHM,2024-10-28 07:18:00,42.95,43.0,42.95,42.95,13800
VHM,2024-10-28 07:19:00,42.95,42.95,42.9,42.95,37600
VHM,2024-10-28 07:20:00,42.95,42.95,42.9,42.95,69100
VHM,2024-10-28 07:21:00,42.95,42.95,42.95,42.95,28200
VHM,2024-10-28 07:22:00,42.95,42.95,42.95,42.95,10400
VHM,2024-10-28 07:23:00,42.95,42.95,42.9,42.95,19200
VHM,2024-10-28 07:24:00,42.95,42.95,42.9,42.9,13400
VHM,2024-10-28 07:25:00,42.9,42.95,42.9,42.9,45000
VHM,2024-10-28 07:26:00,42.9,42.95,42.85,42.85,51900
VHM,2024-10-28 07:27:00,42.85,42.9,42.8,42.85,1002200
VHM,2024-10-28 07:28:00,42.85,42.9,42.8,42.85,723700
VHM,2024-10-28 07:29:00,42.85,42.95,42.8,42.95,631700
VHM,2024-10-28 07:45:00,42.7,42.7,42.7,42.7,913300
VHM,2024-10-29 02:15:00,42.95,43.05,42.95,43.05,37300
VHM,2024-10-29 02:16:00,43.05,43.05,42.8,42.9,114800
VHM,2024-10-29 02:17:00,42.9,42.9,42.75,42.75,50000
VHM,2024-10-29 02:18:00,42.75,42.8,42.75,42.8,19800
VHM,2024-10-29 02:19:00,42.8,42.8,42.7,42.75,32200
VHM,2024-10-29 02:20:00,42.75,42.75,42.6,42.65,69200
VHM,2024-10-29 02:21:00,42.65,42.7,42.65,42.7,6500
VHM,2024-10-29 02:22:00,42.7,42.7,42.65,42.7,12900
VHM,2024-10-29 02:23:00,42.7,42.7,42.65,42.65,18600
VHM,2024-10-29 02:24:00,42.65,42.7,42.65,42.7,43700
VHM,2024-10-29 02:25:00,42.7,42.7,42.65,42.7,31900
VHM,2024-10-29 02:26:00,42.7,42.7,42.65,42.65,60600
VHM,2024-10-29 02:27:00,42.65,42.65,42.55,42.6,53800
VHM,2024-10-29 02:28:00,42.6,42.6,42.55,42.6,53800
VHM,2024-10-29 02:29:00,42.6,42.6,42.55,42.6,72500
VHM,2024-10-29 02:30:00,42.6,42.7,42.6,42.7,37300
VHM,2024-10-29 02:31:00,42.7,42.7,42.7,42.7,33900
VHM,2024-10-29 02:32:00,42.7,42.7,42.65,42.7,82800
VHM,2024-10-29 02:33:00,42.7,42.75,42.7,42.75,37400
VHM,2024-10-29 02:34:00,42.75,42.85,42.7,42.85,104600
VHM,2024-10-29 02:35:00,42.85,42.95,42.85,42.95,206300
VHM,2024-10-29 02:36:00,42.95,42.95,42.75,42.75,49700
VHM,2024-10-29 02:37:00,42.75,42.9,42.75,42.9,28400
VHM,2024-10-29 02:38:00,42.9,42.95,42.85,42.9,53800
VHM,2024-10-29 02:39:00,42.9,42.95,42.9,42.9,22100
VHM,2024-10-29 02:40:00,42.9,42.9,42.85,42.85,25700
VHM,2024-10-29 02:41:00,42.85,42.85,42.8,42.85,18100
VHM,2024-10-29 02:42:00,42.85,42.85,42.8,42.8,10500
VHM,2024-10-29 02:43:00,42.8,42.85,42.8,42.8,17900
VHM,2024-10-29 02:44:00,42.8,42.8,42.75,42.75,920000
VHM,2024-10-29 02:45:00,42.75,42.8,42.7,42.75,1359400
VHM,2024-10-29 02:46:00,42.75,42.75,42.7,42.75,344000
VHM,2024-10-29 02:47:00,42.75,42.75,42.75,42.75,459300
VHM,2024-10-29 02:48:00,42.75,42.75,42.7,42.75,67900
VHM,2024-10-29 02:49:00,42.75,42.75,42.7,42.7,15400
VHM,2024-10-29 02:50:00,42.7,42.75,42.7,42.7,104100
VHM,2024-10-29 02:51:00,42.7,42.7,42.7,42.7,36200
VHM,2024-10-29 02:52:00,42.7,42.8,42.7,42.8,57900
VHM,2024-10-29 02:53:00,42.8,42.8,42.75,42.75,35800
VHM,2024-10-29 02:54:00,42.75,42.8,42.75,42.8,4100
VHM,2024-10-29 02:55:00,42.8,42.85,42.8,42.85,86200
VHM,2024-10-29 02:56:00,42.85,42.9,42.85,42.9,9000
VHM,2024-10-29 02:57:00,42.9,42.9,42.85,42.9,9300
VHM,2024-10-29 02:58:00,42.9,42.9,42.85,42.9,15000
VHM,2024-10-29 02:59:00,42.9,42.9,42.85,42.9,40300
VHM,2024-10-29 03:00:00,42.9,42.9,42.85,42.9,30200
VHM,2024-10-29 03:01:00,42.9,42.95,42.85,42.95,60200
VHM,2024-10-29 03:02:00,42.95,42.95,42.95,42.95,40300
VHM,2024-10-29 03:03:00,42.95,43.0,42.9,42.9,138300
VHM,2024-10-29 03:04:00,42.9,42.95,42.9,42.9,239100
VHM,2024-10-29 03:05:00,42.9,42.95,42.9,42.95,13300
VHM,2024-10-29 03:06:00,42.95,42.95,42.9,42.95,8700
VHM,2024-10-29 03:07:00,42.95,42.95,42.9,42.9,12500
VHM,2024-10-29 03:08:00,42.9,42.95,42.9,42.9,5300
VHM,2024-10-29 03:09:00,42.9,42.95,42.9,42.9,59000
VHM,2024-10-29 03:10:00,42.9,42.9,42.9,42.9,3800
VHM,2024-10-29 03:11:00,42.9,42.9,42.9,42.9,1600
VHM,2024-10-29 03:12:00,42.9,42.9,42.85,42.9,12200
VHM,2024-10-29 03:13:00,42.9,42.9,42.9,42.9,11500
VHM,2024-10-29 03:14:00,42.9,42.9,42.8,42.85,225000
VHM,2024-10-29 03:15:00,42.85,42.85,42.8,42.85,17400
VHM,2024-10-29 03:16:00,42.85,42.85,42.8,42.85,13600
VHM,2024-10-29 03:17:00,42.85,42.85,42.85,42.85,39400
VHM,2024-10-29 03:18:00,42.85,42.9,42.85,42.85,4200
VHM,2024-10-29 03:19:00,42.85,42.9,42.85,42.85,5500
VHM,2024-10-29 03:20:00,42.85,42.9,42.85,42.85,22000
VHM,2024-10-29 03:21:00,42.85,42.9,42.85,42.85,6000
VHM,2024-10-29 03:22:00,42.85,42.9,42.85,42.9,6000
VHM,2024-10-29 03:23:00,42.9,42.9,42.8,42.9,19000
VHM,2024-10-29 03:24:00,42.9,42.9,42.85,42.9,3200
VHM,2024-10-29 03:25:00,42.9,42.9,42.85,42.85,10600
VHM,2024-10-29 03:26:00,42.85,42.85,42.85,42.85,10900
VHM,2024-10-29 03:27:00,42.85,42.85,42.85,42.85,900
VHM,2024-10-29 03:28:00,42.85,42.85,42.8,42.8,8000
VHM,2024-10-29 03:29:00,42.8,42.85,42.8,42.8,1200
VHM,2024-10-29 03:30:00,42.8,42.85,42.8,42.85,10300
VHM,2024-10-29 03:31:00,42.85,42.85,42.8,42.8,41200
VHM,2024-10-29 03:32:00,42.8,42.85,42.8,42.85,25500
VHM,2024-10-29 03:33:00,42.85,42.85,42.8,42.8,500
VHM,2024-10-29 03:34:00,42.8,42.85,42.8,42.85,6400
VHM,2024-10-29 03:35:00,42.85,42.85,42.85,42.85,8000
VHM,2024-10-29 03:36:00,42.85,42.85,42.85,42.85,500
VHM,2024-10-29 03:37:00,42.85,42.85,42.8,42.8,1700
VHM,2024-10-29 03:38:00,42.8,42.85,42.8,42.8,32700
VHM,2024-10-29 03:39:00,42.8,42.85,42.8,42.8,3400
VHM,2024-10-29 03:40:00,42.8,42.8,42.8,42.8,6900
VHM,2024-10-29 03:41:00,42.8,42.85,42.8,42.85,800
VHM,2024-10-29 03:42:00,42.85,42.85,42.8,42.85,72200
VHM,2024-10-29 03:43:00,42.85,42.9,42.85,42.85,42500
VHM,2024-10-29 03:44:00,42.85,42.85,42.85,42.85,82000
VHM,2024-10-29 03:45:00,42.85,42.9,42.85,42.9,28800
VHM,2024-10-29 03:46:00,42.9,42.9,42.85,42.9,25200
VHM,2024-10-29 03:47:00,42.9,42.9,42.85,42.85,21800
VHM,2024-10-29 03:48:00,42.85,42.9,42.85,42.85,14500
VHM,2024-10-29 03:49:00,42.85,42.85,42.85,42.85,1600
VHM,2024-10-29 03:50:00,42.85,42.85,42.85,42.85,29500
VHM,2024-10-29 03:51:00,42.85,42.9,42.8,42.85,32000
VHM,2024-10-29 03:52:00,42.85,42.85,42.8,42.85,10500
VHM,2024-10-29 03:53:00,42.85,42.85,42.85,42.85,2700
VHM,2024-10-29 03:54:00,42.85,42.85,42.85,42.85,2100
VHM,2024-10-29 03:55:00,42.85,42.85,42.8,42.8,92000
VHM,2024-10-29 03:56:00,42.8,42.8,42.75,42.75,54400
VHM,2024-10-29 03:57:00,42.75,42.8,42.75,42.75,1400
VHM,2024-10-29 03:58:00,42.75,42.8,42.75,42.75,13200
VHM,2024-10-29 03:59:00,42.75,42.8,42.75,42.8,3600
VHM,2024-10-29 04:00:00,42.8,42.8,42.8,42.8,2800
VHM,2024-10-29 04:01:00,42.8,42.8,42.75,42.8,8600
VHM,2024-10-29 04:02:00,42.8,42.8,42.75,42.75,50700
VHM,2024-10-29 04:03:00,42.75,42.8,42.75,42.75,2800
VHM,2024-10-29 04:04:00,42.75,42.8,42.75,42.8,12200
VHM,2024-10-29 04:05:00,42.8,42.8,42.8,42.8,4900
VHM,2024-10-29 04:06:00,42.8,42.8,42.75,42.8,20800
VHM,2024-10-29 04:07:00,42.8,42.8,42.8,42.8,500
VHM,2024-10-29 04:08:00,42.8,42.8,42.75,42.75,3700
VHM,2024-10-29 04:09:00,42.75,42.8,42.75,42.75,1400
VHM,2024-10-29 04:10:00,42.75,42.8,42.75,42.75,5700
VHM,2024-10-29 04:11:00,42.75,42.8,42.75,42.8,1700
VHM,2024-10-29 04:12:00,42.8,42.8,42.8,42.8,9100
VHM,2024-10-29 04:13:00,42.8,42.8,42.8,42.8,2600
VHM,2024-10-29 04:14:00,42.8,42.8,42.8,42.8,3400
VHM,2024-10-29 04:15:00,42.8,42.85,42.75,42.85,11500
VHM,2024-10-29 04:16:00,42.85,42.85,42.85,42.85,4000
VHM,2024-10-29 04:17:00,42.85,42.85,42.8,42.8,2600
VHM,2024-10-29 04:18:00,42.8,42.8,42.8,42.8,21800
VHM,2024-10-29 04:19:00,42.8,42.8,42.8,42.8,1100
VHM,2024-10-29 04:20:00,42.8,42.8,42.8,42.8,2500
VHM,2024-10-29 04:21:00,42.8,42.8,42.8,42.8,2500
VHM,2024-10-29 04:22:00,42.8,42.8,42.75,42.8,16700
VHM,2024-10-29 04:23:00,42.8,42.8,42.75,42.8,900
VHM,2024-10-29 04:24:00,42.8,42.8,42.8,42.8,4600
VHM,2024-10-29 04:25:00,42.8,42.8,42.8,42.8,11800
VHM,2024-10-29 04:26:00,42.8,42.8,42.75,42.8,3900
VHM,2024-10-29 04:27:00,42.8,42.8,42.8,42.8,24800
VHM,2024-10-29 04:28:00,42.8,42.8,42.8,42.8,13300
VHM,2024-10-29 04:29:00,42.8,42.8,42.8,42.8,9200
VHM,2024-10-29 06:00:00,42.8,42.8,42.75,42.8,45300
VHM,2024-10-29 06:01:00,42.8,42.85,42.8,42.85,2500
VHM,2024-10-29 06:02:00,42.85,42.85,42.85,42.85,19100
VHM,2024-10-29 06:03:00,42.85,42.85,42.8,42.85,13400
VHM,2024-10-29 06:04:00,42.85,42.85,42.8,42.85,14100
VHM,2024-10-29 06:05:00,42.85,42.85,42.8,42.8,7600
VHM,2024-10-29 06:06:00,42.8,42.85,42.8,42.85,2800
VHM,2024-10-29 06:07:00,42.85,42.85,42.8,42.8,110300
VHM,2024-10-29 06:08:00,42.8,42.85,42.8,42.8,1021400
VHM,2024-10-29 06:09:00,42.8,42.8,42.8,42.8,351100
VHM,2024-10-29 06:10:00,42.8,42.8,42.75,42.75,427300
VHM,2024-10-29 06:11:00,42.75,42.8,42.75,42.75,162600
VHM,2024-10-29 06:12:00,42.75,42.75,42.75,42.75,60300
VHM,2024-10-29 06:13:00,42.75,42.75,42.75,42.75,27700
VHM,2024-10-29 06:14:00,42.75,42.8,42.75,42.75,73900
VHM,2024-10-29 06:15:00,42.75,42.75,42.7,42.7,5900
VHM,2024-10-29 06:16:00,42.7,42.75,42.7,42.7,14200
VHM,2024-10-29 06:17:00,42.7,42.75,42.7,42.75,49000
VHM,2024-10-29 06:18:00,42.75,42.75,42.7,42.7,9400
VHM,2024-10-29 06:19:00,42.7,42.75,42.7,42.75,4300
VHM,2024-10-29 06:20:00,42.75,42.75,42.7,42.7,6800
VHM,2024-10-29 06:21:00,42.7,42.75,42.7,42.75,24200
VHM,2024-10-29 06:22:00,42.75,42.75,42.7,42.75,271000
VHM,2024-10-29 06:23:00,42.75,42.75,42.7,42.7,90700
VHM,2024-10-29 06:24:00,42.7,42.75,42.7,42.7,69700
VHM,2024-10-29 06:25:00,42.7,42.7,42.7,42.7,66700
VHM,2024-10-29 06:26:00,42.7,42.7,42.65,42.65,44400
VHM,2024-10-29 06:27:00,42.65,42.7,42.65,42.7,37500
VHM,2024-10-29 06:28:00,42.7,42.7,42.65,42.7,60800
VHM,2024-10-29 06:29:00,42.7,42.7,42.65,42.65,59300
VHM,2024-10-29 06:30:00,42.65,42.7,42.65,42.65,9400
VHM,2024-10-29 06:31:00,42.65,42.7,42.6,42.6,224800
VHM,2024-10-29 06:32:00,42.6,42.65,42.6,42.65,38600
VHM,2024-10-29 06:33:00,42.65,42.65,42.6,42.65,15800
VHM,2024-10-29 06:34:00,42.65,42.65,42.6,42.6,1039600
VHM,2024-10-29 06:35:00,42.6,42.65,42.6,42.6,1169600
VHM,2024-10-29 06:36:00,42.6,42.65,42.6,42.6,259600
VHM,2024-10-29 06:37:00,42.6,42.65,42.6,42.6,35600
VHM,2024-10-29 06:38:00,42.6,42.65,42.6,42.65,9800
VHM,2024-10-29 06:39:00,42.65,42.7,42.6,42.7,197700
VHM,2024-10-29 06:40:00,42.7,42.7,42.65,42.7,11100
VHM,2024-10-29 06:41:00,42.7,42.7,42.7,42.7,143400
VHM,2024-10-29 06:42:00,42.7,42.7,42.65,42.7,38600
VHM,2024-10-29 06:43:00,42.7,42.7,42.65,42.7,13100
VHM,2024-10-29 06:44:00,42.7,42.7,42.65,42.65,14800
VHM,2024-10-29 06:45:00,42.65,42.7,42.65,42.7,33100
VHM,2024-10-29 06:46:00,42.7,42.7,42.65,42.65,13900
VHM,2024-10-29 06:47:00,42.65,42.7,42.65,42.65,2400
VHM,2024-10-29 06:48:00,42.65,42.7,42.65,42.65,53100
VHM,2024-10-29 06:49:00,42.65,42.7,42.65,42.7,18100
VHM,2024-10-29 06:50:00,42.7,42.7,42.65,42.7,22400
VHM,2024-10-29 06:51:00,42.7,42.7,42.65,42.65,13700
VHM,2024-10-29 06:52:00,42.65,42.7,42.65,42.7,18600
VHM,2024-10-29 06:53:00,42.7,42.7,42.7,42.7,247900
VHM,2024-10-29 06:54:00,42.7,42.85,42.7,42.8,53300
VHM,2024-10-29 06:55:00,42.8,42.8,42.7,42.7,50700
VHM,2024-10-29 06:56:00,42.7,42.85,42.7,42.75,63000
VHM,2024-10-29 06:57:00,42.75,42.8,42.7,42.75,85300
VHM,2024-10-29 06:58:00,42.75,42.75,42.75,42.75,13800
VHM,2024-10-29 06:59:00,42.75,42.75,42.75,42.75,3100
VHM,2024-10-29 07:00:00,42.75,42.8,42.75,42.75,42400
VHM,2024-10-29 07:01:00,42.75,42.75,42.75,42.75,24400
VHM,2024-10-29 07:02:00,42.75,42.75,42.75,42.75,7900
VHM,2024-10-29 07:03:00,42.75,42.75,42.7,42.75,19800
VHM,2024-10-29 07:04:00,42.75,42.75,42.7,42.75,5900
VHM,2024-10-29 07:05:00,42.75,42.75,42.7,42.75,15100
VHM,2024-10-29 07:06:00,42.75,42.75,42.7,42.75,50100
VHM,2024-10-29 07:07:00,42.75,42.75,42.7,42.75,22200
VHM,2024-10-29 07:08:00,42.75,42.75,42.75,42.75,41500
VHM,2024-10-29 07:09:00,42.75,42.8,42.75,42.8,26900
VHM,2024-10-29 07:10:00,42.8,42.8,42.75,42.8,205300
VHM,2024-10-29 07:11:00,42.8,42.8,42.75,42.75,277000
VHM,2024-10-29 07:12:00,42.75,42.8,42.75,42.75,502400
VHM,2024-10-29 07:13:00,42.75,42.8,42.75,42.75,505800
VHM,2024-10-29 07:14:00,42.75,42.85,42.75,42.85,254900
VHM,2024-10-29 07:15:00,42.85,42.85,42.8,42.8,83900
VHM,2024-10-29 07:16:00,42.8,42.85,42.8,42.8,31600
VHM,2024-10-29 07:17:00,42.8,42.8,42.8,42.8,50800
VHM,2024-10-29 07:18:00,42.8,42.8,42.75,42.8,67200
VHM,2024-10-29 07:19:00,42.8,42.85,42.8,42.8,91700
VHM,2024-10-29 07:20:00,42.8,42.85,42.8,42.8,111200
VHM,2024-10-29 07:21:00,42.8,42.85,42.75,42.8,52200
VHM,2024-10-29 07:22:00,42.8,42.8,42.75,42.8,110000
VHM,2024-10-29 07:23:00,42.8,42.8,42.8,42.8,12600
VHM,2024-10-29 07:24:00,42.8,42.8,42.75,42.75,50100
VHM,2024-10-29 07:25:00,42.75,42.8,42.75,42.8,40400
VHM,2024-10-29 07:26:00,42.8,42.8,42.75,42.75,81300
VHM,2024-10-29 07:27:00,42.75,42.85,42.75,42.8,47000
VHM,2024-10-29 07:28:00,42.8,42.95,42.75,42.8,148800
VHM,2024-10-29 07:29:00,42.8,42.9,42.75,42.75,34700
VHM,2024-10-29 07:45:00,42.75,42.75,42.75,42.75,349600
VHM,2024-10-30 02:15:00,43.0,43.0,42.95,42.95,61700
VHM,2024-10-30 02:16:00,42.95,42.95,42.9,42.95,24900
VHM,2024-10-30 02:17:00,42.95,42.95,42.8,42.8,22700
VHM,2024-10-30 02:18:00,42.8,42.85,42.8,42.8,46500
VHM,2024-10-30 02:19:00,42.8,42.85,42.8,42.85,18800
VHM,2024-10-30 02:20:00,42.85,42.85,42.8,42.8,20800
VHM,2024-10-30 02:21:00,42.8,42.85,42.8,42.8,15200
VHM,2024-10-30 02:22:00,42.8,42.8,42.7,42.75,63900
VHM,2024-10-30 02:23:00,42.75,42.75,42.7,42.7,16500
VHM,2024-10-30 02:24:00,42.7,42.75,42.7,42.75,22400
VHM,2024-10-30 02:25:00,42.75,42.8,42.75,42.75,103500
VHM,2024-10-30 02:26:00,42.75,42.75,42.75,42.75,16800
VHM,2024-10-30 02:27:00,42.75,42.8,42.75,42.75,9300
VHM,2024-10-30 02:28:00,42.75,42.8,42.75,42.75,6100
VHM,2024-10-30 02:29:00,42.75,42.9,42.75,42.9,99000
VHM,2024-10-30 02:30:00,42.9,42.9,42.8,42.8,11800
VHM,2024-10-30 02:31:00,42.8,42.9,42.8,42.8,3900
VHM,2024-10-30 02:32:00,42.8,42.9,42.8,42.85,11000
VHM,2024-10-30 02:33:00,42.85,42.85,42.85,42.85,13400
VHM,2024-10-30 02:34:00,42.85,42.85,42.8,42.8,16100
VHM,2024-10-30 02:35:00,42.8,42.8,42.8,42.8,4100
VHM,2024-10-30 02:36:00,42.8,42.85,42.8,42.8,15300
VHM,2024-10-30 02:37:00,42.8,42.85,42.8,42.8,3700
VHM,2024-10-30 02:38:00,42.8,42.8,42.8,42.8,94900
VHM,2024-10-30 02:39:00,42.8,42.85,42.75,42.75,18900
VHM,2024-10-30 02:40:00,42.75,42.8,42.75,42.8,12500
VHM,2024-10-30 02:41:00,42.8,42.8,42.75,42.75,7900
VHM,2024-10-30 02:42:00,42.75,42.8,42.75,42.75,33200
VHM,2024-10-30 02:43:00,42.75,42.8,42.75,42.8,19900
VHM,2024-10-30 02:44:00,42.8,42.8,42.75,42.8,64200
VHM,2024-10-30 02:45:00,42.8,42.8,42.8,42.8,5900
VHM,2024-10-30 02:46:00,42.8,42.8,42.8,42.8,10400
VHM,2024-10-30 02:47:00,42.8,42.85,42.8,42.8,51600
VHM,2024-10-30 02:48:00,42.8,42.8,42.75,42.8,26000
VHM,2024-10-30 02:49:00,42.8,42.8,42.75,42.75,861000
VHM,2024-10-30 02:50:00,42.75,42.8,42.75,42.75,768200
VHM,2024-10-30 02:51:00,42.75,42.75,42.75,42.75,595100
VHM,2024-10-30 02:52:00,42.75,42.8,42.7,42.7,457600
VHM,2024-10-30 02:53:00,42.7,42.75,42.7,42.75,236300
VHM,2024-10-30 02:54:00,42.75,42.75,42.75,42.75,603700
VHM,2024-10-30 02:55:00,42.75,42.75,42.75,42.75,254900
VHM,2024-10-30 02:56:00,42.75,42.75,42.75,42.75,605000
VHM,2024-10-30 02:57:00,42.75,42.75,42.75,42.75,312900
VHM,2024-10-30 02:58:00,42.75,42.75,42.75,42.75,43100
VHM,2024-10-30 02:59:00,42.75,42.8,42.75,42.75,85300
VHM,2024-10-30 03:00:00,42.75,42.8,42.75,42.75,3800
VHM,2024-10-30 03:01:00,42.75,42.8,42.75,42.75,8200
VHM,2024-10-30 03:02:00,42.75,42.75,42.75,42.75,24900
VHM,2024-10-30 03:03:00,42.75,42.75,42.75,42.75,4000
VHM,2024-10-30 03:04:00,42.75,42.8,42.75,42.75,37800
VHM,2024-10-30 03:05:00,42.75,42.75,42.7,42.7,7200
VHM,2024-10-30 03:06:00,42.7,42.7,42.7,42.7,3500
VHM,2024-10-30 03:07:00,42.7,42.7,42.7,42.7,31600
VHM,2024-10-30 03:08:00,42.7,42.7,42.7,42.7,19300
VHM,2024-10-30 03:09:00,42.7,42.75,42.7,42.7,3900
VHM,2024-10-30 03:10:00,42.7,42.7,42.7,42.7,69100
VHM,2024-10-30 03:11:00,42.7,42.7,42.7,42.7,4300
VHM,2024-10-30 03:12:00,42.7,42.7,42.7,42.7,212900
VHM,2024-10-30 03:13:00,42.7,42.75,42.7,42.7,16300
VHM,2024-10-30 03:14:00,42.7,42.7,42.7,42.7,30600
VHM,2024-10-30 03:15:00,42.7,42.75,42.65,42.75,10500
VHM,2024-10-30 03:16:00,42.75,42.75,42.7,42.7,8400
VHM,2024-10-30 03:17:00,42.7,42.7,42.65,42.7,5300
VHM,2024-10-30 03:18:00,42.7,42.7,42.65,42.65,6500
VHM,2024-10-30 03:19:00,42.65,42.65,42.65,42.65,3900
VHM,2024-10-30 03:20:00,42.65,42.65,42.65,42.65,8100
VHM,2024-10-30 03:21:00,42.65,42.65,42.65,42.65,64800
VHM,2024-10-30 03:22:00,42.65,42.7,42.65,42.7,26700
VHM,2024-10-30 03:23:00,42.7,42.7,42.65,42.65,77600
VHM,2024-10-30 03:24:00,42.65,42.7,42.65,42.65,12700
VHM,2024-10-30 03:25:00,42.65,42.65,42.65,42.65,12000
VHM,2024-10-30 03:26:00,42.65,42.65,42.65,42.65,16800
VHM,2024-10-30 03:27:00,42.65,42.7,42.65,42.65,5400
VHM,2024-10-30 03:28:00,42.65,42.7,42.65,42.7,4400
VHM,2024-10-30 03:29:00,42.7,42.7,42.65,42.65,14900
VHM,2024-10-30 03:30:00,42.65,42.65,42.65,42.65,15800
VHM,2024-10-30 03:31:00,42.65,42.7,42.65,42.7,2100
VHM,2024-10-30 03:32:00,42.7,42.7,42.65,42.65,47400
VHM,2024-10-30 03:33:00,42.65,42.65,42.6,42.65,57600
VHM,2024-10-30 03:34:00,42.65,42.65,42.6,42.65,1900
VHM,2024-10-30 03:35:00,42.65,42.65,42.6,42.65,75700
VHM,2024-10-30 03:36:00,42.65,42.7,42.65,42.65,34400
VHM,2024-10-30 03:37:00,42.65,42.7,42.65,42.65,21400
VHM,2024-10-30 03:38:00,42.65,42.65,42.65,42.65,3100
VHM,2024-10-30 03:39:00,42.65,42.65,42.65,42.65,2800
VHM,2024-10-30 03:40:00,42.65,42.65,42.65,42.65,3700
VHM,2024-10-30 03:41:00,42.65,42.7,42.65,42.65,77600
VHM,2024-10-30 03:42:00,42.65,42.65,42.65,42.65,15500
VHM,2024-10-30 03:43:00,42.65,42.7,42.65,42.7,4800
VHM,2024-10-30 03:44:00,42.7,42.7,42.65,42.65,15600
VHM,2024-10-30 03:45:00,42.65,42.65,42.6,42.6,3700
VHM,2024-10-30 03:46:00,42.6,42.6,42.6,42.6,4800
VHM,2024-10-30 03:47:00,42.6,42.65,42.6,42.6,3100
VHM,2024-10-30 03:48:00,42.6,42.65,42.6,42.65,2900
VHM,2024-10-30 03:49:00,42.65,42.65,42.6,42.65,15500
VHM,2024-10-30 03:50:00,42.65,42.65,42.6,42.65,24500
VHM,2024-10-30 03:51:00,42.65,42.65,42.6,42.65,4500
VHM,2024-10-30 03:52:00,42.65,42.65,42.6,42.65,17500
VHM,2024-10-30 03:53:00,42.65,42.65,42.6,42.65,44200
VHM,2024-10-30 03:54:00,42.65,42.65,42.65,42.65,5900
VHM,2024-10-30 03:55:00,42.65,42.7,42.65,42.65,7000
VHM,2024-10-30 03:56:00,42.65,42.65,42.65,42.65,14800
VHM,2024-10-30 03:57:00,42.65,42.65,42.65,42.65,4700
VHM,2024-10-30 03:58:00,42.65,42.65,42.65,42.65,8100
VHM,2024-10-30 03:59:00,42.65,42.65,42.65,42.65,2800
VHM,2024-10-30 04:00:00,42.65,42.7,42.65,42.65,5800
VHM,2024-10-30 04:01:00,42.65,42.65,42.65,42.65,5500
VHM,2024-10-30 04:02:00,42.65,42.65,42.65,42.65,4900
VHM,2024-10-30 04:03:00,42.65,42.7,42.65,42.65,16100
VHM,2024-10-30 04:04:00,42.65,42.7,42.65,42.65,13700
VHM,2024-10-30 04:05:00,42.65,42.7,42.65,42.65,12800
VHM,2024-10-30 04:06:00,42.65,42.65,42.65,42.65,5500
VHM,2024-10-30 04:07:00,42.65,42.65,42.65,42.65,22900
VHM,2024-10-30 04:08:00,42.65,42.65,42.65,42.65,2600
VHM,2024-10-30 04:09:00,42.65,42.65,42.65,42.65,111800
VHM,2024-10-30 04:10:00,42.65,42.65,42.6,42.6,20400
VHM,2024-10-30 04:11:00,42.6,42.65,42.6,42.6,17300
VHM,2024-10-30 04:12:00,42.6,42.6,42.55,42.55,294600
VHM,2024-10-30 04:13:00,42.55,42.6,42.5,42.5,214000
VHM,2024-10-30 04:14:00,42.5,42.55,42.5,42.55,119000
VHM,2024-10-30 04:15:00,42.55,42.55,42.55,42.55,19700
VHM,2024-10-30 04:16:00,42.55,42.55,42.55,42.55,10200
VHM,2024-10-30 04:17:00,42.55,42.55,42.55,42.55,4200
VHM,2024-10-30 04:18:00,42.55,42.55,42.55,42.55,3400
VHM,2024-10-30 04:19:00,42.55,42.6,42.55,42.55,3400
VHM,2024-10-30 04:20:00,42.55,42.55,42.55,42.55,8000
VHM,2024-10-30 04:21:00,42.55,42.55,42.5,42.5,250000
VHM,2024-10-30 04:22:00,42.5,42.6,42.45,42.6,110100
VHM,2024-10-30 04:23:00,42.6,42.6,42.5,42.6,163200
VHM,2024-10-30 04:24:00,42.6,42.65,42.55,42.55,73000
VHM,2024-10-30 04:25:00,42.55,42.55,42.5,42.5,48000
VHM,2024-10-30 04:26:00,42.5,42.55,42.5,42.55,33700
VHM,2024-10-30 04:27:00,42.55,42.55,42.45,42.5,179800
VHM,2024-10-30 04:28:00,42.5,42.5,42.45,42.45,43600
VHM,2024-10-30 04:29:00,42.45,42.5,42.45,42.45,123500
VHM,2024-10-30 06:00:00,42.45,42.5,42.4,42.4,209200
VHM,2024-10-30 06:01:00,42.4,42.4,42.25,42.25,127900
VHM,2024-10-30 06:02:00,42.25,42.25,42.2,42.2,69900
VHM,2024-10-30 06:03:00,42.2,42.25,42.2,42.2,38900
VHM,2024-10-30 06:04:00,42.2,42.25,42.2,42.25,19500
VHM,2024-10-30 06:05:00,42.25,42.35,42.25,42.35,82000
VHM,2024-10-30 06:06:00,42.35,42.4,42.35,42.35,13400
VHM,2024-10-30 06:07:00,42.35,42.4,42.35,42.35,30500
VHM,2024-10-30 06:08:00,42.35,42.35,42.3,42.3,93500
VHM,2024-10-30 06:09:00,42.3,42.35,42.25,42.35,59800
VHM,2024-10-30 06:10:00,42.35,42.35,42.35,42.35,4800
VHM,2024-10-30 06:11:00,42.35,42.35,42.3,42.35,54900
VHM,2024-10-30 06:12:00,42.35,42.35,42.3,42.3,16500
VHM,2024-10-30 06:13:00,42.3,42.35,42.3,42.3,63500
VHM,2024-10-30 06:14:00,42.3,42.35,42.3,42.3,16200
VHM,2024-10-30 06:15:00,42.3,42.35,42.3,42.35,35000
VHM,2024-10-30 06:16:00,42.35,42.35,42.3,42.3,23600
VHM,2024-10-30 06:17:00,42.3,42.35,42.25,42.3,15100
VHM,2024-10-30 06:18:00,42.3,42.3,42.2,42.25,149800
VHM,2024-10-30 06:19:00,42.25,42.25,42.25,42.25,37600
VHM,2024-10-30 06:20:00,42.25,42.25,42.25,42.25,35400
VHM,2024-10-30 06:21:00,42.25,42.3,42.25,42.25,12200
VHM,2024-10-30 06:22:00,42.25,42.3,42.25,42.3,6900
VHM,2024-10-30 06:23:00,42.3,42.35,42.25,42.35,83000
VHM,2024-10-30 06:24:00,42.35,42.4,42.3,42.35,38900
VHM,2024-10-30 06:25:00,42.35,42.4,42.35,42.4,18600
VHM,2024-10-30 06:26:00,42.4,42.45,42.4,42.45,43700
VHM,2024-10-30 06:27:00,42.45,42.45,42.4,42.4,64100
VHM,2024-10-30 06:28:00,42.4,42.4,42.35,42.4,133200
VHM,2024-10-30 06:29:00,42.4,42.4,42.35,42.4,82400
VHM,2024-10-30 06:30:00,42.4,42.4,42.3,42.35,52900
VHM,2024-10-30 06:31:00,42.35,42.35,42.3,42.3,122800
VHM,2024-10-30 06:32:00,42.3,42.3,42.3,42.3,13900
VHM,2024-10-30 06:33:00,42.3,42.35,42.25,42.3,38700
VHM,2024-10-30 06:34:00,42.3,42.35,42.3,42.3,80500
VHM,2024-10-30 06:35:00,42.3,42.35,42.3,42.35,64000
VHM,2024-10-30 06:36:00,42.35,42.35,42.25,42.3,56600
VHM,2024-10-30 06:37:00,42.3,42.3,42.25,42.25,37300
VHM,2024-10-30 06:38:00,42.25,42.35,42.25,42.3,38700
VHM,2024-10-30 06:39:00,42.3,42.3,42.3,42.3,9800
VHM,2024-10-30 06:40:00,42.3,42.3,42.3,42.3,143800
VHM,2024-10-30 06:41:00,42.3,42.3,42.25,42.25,547300
VHM,2024-10-30 06:42:00,42.25,42.25,42.2,42.2,623900
VHM,2024-10-30 06:43:00,42.2,42.25,42.15,42.2,593900
VHM,2024-10-30 06:44:00,42.2,42.2,42.1,42.15,529700
VHM,2024-10-30 06:45:00,42.15,42.2,42.1,42.15,91900
VHM,2024-10-30 06:46:00,42.15,42.2,42.1,42.2,18300
VHM,2024-10-30 06:47:00,42.2,42.2,42.15,42.15,30800
VHM,2024-10-30 06:48:00,42.15,42.2,42.1,42.15,83300
VHM,2024-10-30 06:49:00,42.15,42.15,41.95,41.95,584100
VHM,2024-10-30 06:50:00,41.95,42.0,41.8,41.85,308100
VHM,2024-10-30 06:51:00,41.85,41.95,41.8,41.95,107400
VHM,2024-10-30 06:52:00,41.95,42.0,41.95,41.95,47600
VHM,2024-10-30 06:53:00,41.95,42.0,41.95,42.0,581300
VHM,2024-10-30 06:54:00,42.0,42.0,41.9,41.9,200100
VHM,2024-10-30 06:55:00,41.9,41.95,41.9,41.95,95000
VHM,2024-10-30 06:56:00,41.95,41.95,41.85,41.85,158800
VHM,2024-10-30 06:57:00,41.85,41.9,41.75,41.75,530000
VHM,2024-10-30 06:58:00,41.75,41.8,41.75,41.8,127100
VHM,2024-10-30 06:59:00,41.8,41.85,41.75,41.85,159800
VHM,2024-10-30 07:00:00,41.85,41.85,41.75,41.75,501400
VHM,2024-10-30 07:01:00,41.75,41.8,41.7,41.75,617900
VHM,2024-10-30 07:02:00,41.75,41.8,41.7,41.75,565000
VHM,2024-10-30 07:03:00,41.75,41.75,41.7,41.75,244100
VHM,2024-10-30 07:04:00,41.75,41.8,41.7,41.75,149100
VHM,2024-10-30 07:05:00,41.75,41.8,41.75,41.75,82400
VHM,2024-10-30 07:06:00,41.75,41.8,41.75,41.75,129800
VHM,2024-10-30 07:07:00,41.75,41.75,41.65,41.7,328500
VHM,2024-10-30 07:08:00,41.7,41.75,41.55,41.55,414100
VHM,2024-10-30 07:09:00,41.55,41.6,41.4,41.45,804900
VHM,2024-10-30 07:10:00,41.45,41.6,41.4,41.5,295500
VHM,2024-10-30 07:11:00,41.5,41.55,41.4,41.45,448100
VHM,2024-10-30 07:12:00,41.45,41.5,41.35,41.4,279700
VHM,2024-10-30 07:13:00,41.4,41.4,41.3,41.3,580100
VHM,2024-10-30 07:14:00,41.3,41.4,41.25,41.35,290900
VHM,2024-10-30 07:15:00,41.35,41.35,41.25,41.3,210200
VHM,2024-10-30 07:16:00,41.3,41.35,41.25,41.3,398600
VHM,2024-10-30 07:17:00,41.3,41.35,41.15,41.2,745700
VHM,2024-10-30 07:18:00,41.2,41.3,41.0,41.1,1293200
VHM,2024-10-30 07:19:00,41.1,41.15,41.0,41.1,216600
VHM,2024-10-30 07:20:00,41.1,41.2,41.0,41.0,923200
VHM,2024-10-30 07:21:00,41.0,41.15,40.95,41.05,392800
VHM,2024-10-30 07:22:00,41.05,41.15,41.05,41.15,184200
VHM,2024-10-30 07:23:00,41.15,41.2,41.0,41.05,562600
VHM,2024-10-30 07:24:00,41.05,41.15,41.0,41.0,987300
VHM,2024-10-30 07:25:00,41.0,41.1,40.95,41.0,433800
VHM,2024-10-30 07:26:00,41.0,41.15,40.95,41.0,394900
VHM,2024-10-30 07:27:00,41.0,41.0,40.85,40.95,608400
VHM,2024-10-30 07:28:00,40.95,41.1,40.95,41.0,239800
VHM,2024-10-30 07:29:00,41.0,41.1,40.95,41.05,260600
VHM,2024-10-30 07:45:00,41.15,41.15,41.15,41.15,1444100
VHM,2024-10-31 02:15:00,41.15,41.25,41.15,41.25,232000
VHM,2024-10-31 02:16:00,41.25,41.35,41.25,41.3,83300
VHM,2024-10-31 02:17:00,41.3,41.45,41.3,41.45,156900
VHM,2024-10-31 02:18:00,41.45,41.45,41.25,41.3,225900
VHM,2024-10-31 02:19:00,41.3,41.3,41.25,41.25,144000
VHM,2024-10-31 02:20:00,41.25,41.3,41.25,41.3,122100
VHM,2024-10-31 02:21:00,41.3,41.35,41.25,41.3,114100
VHM,2024-10-31 02:22:00,41.3,41.4,41.3,41.35,167400
VHM,2024-10-31 02:23:00,41.35,41.4,41.35,41.35,15100
VHM,2024-10-31 02:24:00,41.35,41.4,41.3,41.35,116200
VHM,2024-10-31 02:25:00,41.35,41.35,41.3,41.35,142500
VHM,2024-10-31 02:26:00,41.35,41.45,41.3,41.45,306800
VHM,2024-10-31 02:27:00,41.45,41.45,41.35,41.35,248700
VHM,2024-10-31 02:28:00,41.35,41.4,41.35,41.4,180700
VHM,2024-10-31 02:29:00,41.4,41.45,41.4,41.45,164300
VHM,2024-10-31 02:30:00,41.45,41.5,41.4,41.45,292000
VHM,2024-10-31 02:31:00,41.45,41.5,41.45,41.5,123100
VHM,2024-10-31 02:32:00,41.5,41.5,41.4,41.5,328200
VHM,2024-10-31 02:33:00,41.5,41.5,41.25,41.25,1133800
VHM,2024-10-31 02:34:00,41.25,41.3,41.2,41.25,97700
VHM,2024-10-31 02:35:00,41.25,41.3,41.25,41.25,24300
VHM,2024-10-31 02:36:00,41.25,41.3,41.25,41.3,98300
VHM,2024-10-31 02:37:00,41.3,41.3,41.25,41.25,67000
VHM,2024-10-31 02:38:00,41.25,41.35,41.25,41.35,116600
VHM,2024-10-31 02:39:00,41.35,41.35,41.3,41.35,146600
VHM,2024-10-31 02:40:00,41.35,41.35,41.3,41.35,21200
VHM,2024-10-31 02:41:00,41.35,41.35,41.3,41.3,50300
VHM,2024-10-31 02:42:00,41.3,41.35,41.25,41.25,94600
VHM,2024-10-31 02:43:00,41.25,41.3,41.25,41.25,115700
VHM,2024-10-31 02:44:00,41.25,41.25,41.2,41.2,53000
VHM,2024-10-31 02:45:00,41.2,41.25,41.1,41.15,456800
VHM,2024-10-31 02:46:00,41.15,41.2,41.1,41.15,26200
VHM,2024-10-31 02:47:00,41.15,41.2,41.1,41.15,32500
VHM,2024-10-31 02:48:00,41.15,41.2,41.1,41.2,38300
VHM,2024-10-31 02:49:00,41.2,41.2,41.1,41.15,58300
VHM,2024-10-31 02:50:00,41.15,41.15,41.1,41.1,38400
VHM,2024-10-31 02:51:00,41.1,41.15,41.05,41.1,231200
VHM,2024-10-31 02:52:00,41.1,41.1,41.05,41.1,57100
VHM,2024-10-31 02:53:00,41.1,41.15,41.1,41.1,8900
VHM,2024-10-31 02:54:00,41.1,41.1,41.05,41.1,39600
VHM,2024-10-31 02:55:00,41.1,41.1,41.05,41.1,35200
VHM,2024-10-31 02:56:00,41.1,41.15,41.1,41.1,22500
VHM,2024-10-31 02:57:00,41.1,41.1,41.05,41.1,11100
VHM,2024-10-31 02:58:00,41.1,41.1,41.05,41.1,48500
VHM,2024-10-31 02:59:00,41.1,41.1,41.05,41.1,65000
VHM,2024-10-31 03:00:00,41.1,41.1,41.1,41.1,1300
VHM,2024-10-31 03:01:00,41.1,41.15,41.05,41.1,155700
VHM,2024-10-31 03:02:00,41.1,41.1,41.05,41.05,16400
VHM,2024-10-31 03:03:00,41.05,41.1,41.05,41.05,909000
VHM,2024-10-31 03:04:00,41.05,41.05,40.95,40.95,623500
VHM,2024-10-31 03:05:00,40.95,41.0,40.9,40.95,290700
VHM,2024-10-31 03:06:00,40.95,40.95,40.85,40.85,496500
VHM,2024-10-31 03:07:00,40.85,40.9,40.85,40.85,93800
VHM,2024-10-31 03:08:00,40.85,40.95,40.85,40.9,363800
VHM,2024-10-31 03:09:00,40.9,40.9,40.85,40.9,419600
VHM,2024-10-31 03:10:00,40.9,40.9,40.85,40.9,42200
VHM,2024-10-31 03:11:00,40.9,40.9,40.85,40.9,39600
VHM,2024-10-31 03:12:00,40.9,40.9,40.8,40.85,186100
VHM,2024-10-31 03:13:00,40.85,40.85,40.75,40.8,201000
VHM,2024-10-31 03:14:00,40.8,40.8,40.7,40.7,214600
VHM,2024-10-31 03:15:00,40.7,40.75,40.65,40.65,208800
VHM,2024-10-31 03:16:00,40.65,40.7,40.6,40.6,395800
VHM,2024-10-31 03:17:00,40.6,40.6,40.55,40.55,209900
VHM,2024-10-31 03:18:00,40.55,40.6,40.5,40.55,148900
VHM,2024-10-31 03:19:00,40.55,40.55,40.5,40.55,142800
VHM,2024-10-31 03:20:00,40.55,40.55,40.5,40.5,249800
VHM,2024-10-31 03:21:00,40.5,40.5,40.45,40.5,153100
VHM,2024-10-31 03:22:00,40.5,40.55,40.45,40.5,107600
VHM,2024-10-31 03:23:00,40.5,40.55,40.5,40.55,68000
VHM,2024-10-31 03:24:00,40.55,40.65,40.5,40.65,184100
VHM,2024-10-31 03:25:00,40.65,40.65,40.6,40.65,47500
VHM,2024-10-31 03:26:00,40.65,40.75,40.65,40.75,48700
VHM,2024-10-31 03:27:00,40.75,40.8,40.75,40.8,64800
VHM,2024-10-31 03:28:00,40.8,40.8,40.7,40.7,45500
VHM,2024-10-31 03:29:00,40.7,40.7,40.65,40.7,106500
VHM,2024-10-31 03:30:00,40.7,40.7,40.65,40.65,9700
VHM,2024-10-31 03:31:00,40.65,40.7,40.6,40.6,50700
VHM,2024-10-31 03:32:00,40.6,40.65,40.55,40.6,79200
VHM,2024-10-31 03:33:00,40.6,40.6,40.55,40.6,9100
VHM,2024-10-31 03:34:00,40.6,40.6,40.55,40.55,19400
VHM,2024-10-31 03:35:00,40.55,40.6,40.55,40.6,61100
VHM,2024-10-31 03:36:00,40.6,40.65,40.55,40.6,11500
VHM,2024-10-31 03:37:00,40.6,40.65,40.6,40.6,21700
VHM,2024-10-31 03:38:00,40.6,40.7,40.6,40.65,75000
VHM,2024-10-31 03:39:00,40.65,40.7,40.65,40.65,19600
VHM,2024-10-31 03:40:00,40.65,40.7,40.6,40.65,78800
VHM,2024-10-31 03:41:00,40.65,40.65,40.55,40.6,136800
VHM,2024-10-31 03:42:00,40.6,40.6,40.55,40.6,42100
VHM,2024-10-31 03:43:00,40.6,40.6,40.55,40.55,134400
VHM,2024-10-31 03:44:00,40.55,40.6,40.5,40.55,46500
VHM,2024-10-31 03:45:00,40.55,40.6,40.55,40.6,29100
VHM,2024-10-31 03:46:00,40.6,40.6,40.55,40.6,17800
VHM,2024-10-31 03:47:00,40.6,40.6,40.55,40.55,30100
VHM,2024-10-31 03:48:00,40.55,40.6,40.55,40.55,15100
VHM,2024-10-31 03:49:00,40.55,40.6,40.55,40.55,22500
VHM,2024-10-31 03:50:00,40.55,40.6,40.55,40.55,24000
VHM,2024-10-31 03:51:00,40.55,40.6,40.55,40.55,33700
VHM,2024-10-31 03:52:00,40.55,40.6,40.55,40.55,35800
VHM,2024-10-31 03:53:00,40.55,40.6,40.55,40.6,18700
VHM,2024-10-31 03:54:00,40.6,40.6,40.55,40.55,63800
VHM,2024-10-31 03:55:00,40.55,40.6,40.55,40.55,10900
VHM,2024-10-31 03:56:00,40.55,40.6,40.55,40.6,93500
VHM,2024-10-31 03:57:00,40.6,40.6,40.55,40.6,103200
VHM,2024-10-31 03:58:00,40.6,40.65,40.6,40.6,11000
VHM,2024-10-31 03:59:00,40.6,40.65,40.6,40.6,20100
VHM,2024-10-31 04:00:00,40.6,40.65,40.6,40.6,19000
VHM,2024-10-31 04:01:00,40.6,40.65,40.6,40.6,20600
VHM,2024-10-31 04:02:00,40.6,40.65,40.6,40.6,13400
VHM,2024-10-31 04:03:00,40.6,40.65,40.6,40.65,29700
VHM,2024-10-31 04:04:00,40.65,40.7,40.65,40.7,87900
VHM,2024-10-31 04:05:00,40.7,40.7,40.65,40.7,32800
VHM,2024-10-31 04:06:00,40.7,40.8,40.7,40.75,112000
VHM,2024-10-31 04:07:00,40.75,40.8,40.7,40.8,55800
VHM,2024-10-31 04:08:00,40.8,40.9,40.8,40.85,23000
VHM,2024-10-31 04:09:00,40.85,40.9,40.8,40.85,31800
VHM,2024-10-31 04:10:00,40.85,40.9,40.85,40.9,19000
VHM,2024-10-31 04:11:00,40.9,41.0,40.9,41.0,117100
VHM,2024-10-31 04:12:00,41.0,41.05,40.9,40.9,62100
VHM,2024-10-31 04:13:00,40.9,41.0,40.9,40.9,49800
VHM,2024-10-31 04:14:00,40.9,40.95,40.9,40.9,15200
VHM,2024-10-31 04:15:00,40.9,40.9,40.85,40.9,19300
VHM,2024-10-31 04:16:00,40.9,40.9,40.85,40.85,24400
VHM,2024-10-31 04:17:00,40.85,40.9,40.85,40.9,20400
VHM,2024-10-31 04:18:00,40.9,40.9,40.85,40.85,12500
VHM,2024-10-31 04:19:00,40.85,40.9,40.85,40.85,12700
VHM,2024-10-31 04:20:00,40.85,40.9,40.85,40.9,14200
VHM,2024-10-31 04:21:00,40.9,40.9,40.8,40.8,24700
VHM,2024-10-31 04:22:00,40.8,40.85,40.75,40.75,51700
VHM,2024-10-31 04:23:00,40.75,40.8,40.75,40.75,16300
VHM,2024-10-31 04:24:00,40.75,40.8,40.75,40.75,17300
VHM,2024-10-31 04:25:00,40.75,40.8,40.75,40.75,20400
VHM,2024-10-31 04:26:00,40.75,40.75,40.75,40.75,9000
VHM,2024-10-31 04:27:00,40.75,40.8,40.75,40.75,20400
VHM,2024-10-31 04:28:00,40.75,40.8,40.75,40.75,15200
VHM,2024-10-31 04:29:00,40.75,40.8,40.7,40.7,25000
VHM,2024-10-31 06:00:00,40.7,40.8,40.7,40.75,82700
VHM,2024-10-31 06:01:00,40.75,40.75,40.7,40.75,13900
VHM,2024-10-31 06:02:00,40.75,40.75,40.7,40.75,20900
VHM,2024-10-31 06:03:00,40.75,40.75,40.75,40.75,15600
VHM,2024-10-31 06:04:00,40.75,40.8,40.75,40.8,14600
VHM,2024-10-31 06:05:00,40.8,40.8,40.75,40.75,54300
VHM,2024-10-31 06:06:00,40.75,40.8,40.75,40.75,14800
VHM,2024-10-31 06:07:00,40.75,40.85,40.75,40.85,43300
VHM,2024-10-31 06:08:00,40.85,40.9,40.8,40.85,56100
VHM,2024-10-31 06:09:00,40.85,40.9,40.85,40.85,12600
VHM,2024-10-31 06:10:00,40.85,40.9,40.85,40.9,60600
VHM,2024-10-31 06:11:00,40.9,40.95,40.9,40.9,16800
VHM,2024-10-31 06:12:00,40.9,40.95,40.9,40.9,10800
VHM,2024-10-31 06:13:00,40.9,40.95,40.85,40.85,97700
VHM,2024-10-31 06:14:00,40.85,40.9,40.85,40.85,53100
VHM,2024-10-31 06:15:00,40.85,40.9,40.85,40.85,33700
VHM,2024-10-31 06:16:00,40.85,40.9,40.85,40.85,10600
VHM,2024-10-31 06:17:00,40.85,40.9,40.85,40.85,24300
VHM,2024-10-31 06:18:00,40.85,40.9,40.85,40.85,15100
VHM,2024-10-31 06:19:00,40.85,40.9,40.85,40.85,7900
VHM,2024-10-31 06:20:00,40.85,40.9,40.85,40.9,19900
VHM,2024-10-31 06:21:00,40.9,41.0,40.85,40.95,176600
VHM,2024-10-31 06:22:00,40.95,41.1,40.95,41.1,102400
VHM,2024-10-31 06:23:00,41.1,41.15,41.1,41.1,21500
VHM,2024-10-31 06:24:00,41.1,41.1,41.0,41.0,145000
VHM,2024-10-31 06:25:00,41.0,41.1,41.0,41.05,98400
VHM,2024-10-31 06:26:00,41.05,41.15,41.05,41.15,87400
VHM,2024-10-31 06:27:00,41.15,41.2,41.1,41.15,75700
VHM,2024-10-31 06:28:00,41.15,41.25,41.15,41.2,136300
VHM,2024-10-31 06:29:00,41.2,41.35,41.2,41.3,85000
VHM,2024-10-31 06:30:00,41.3,41.45,41.3,41.45,133700
VHM,2024-10-31 06:31:00,41.45,41.55,41.45,41.5,540400
VHM,2024-10-31 06:32:00,41.5,41.5,41.4,41.45,216500
VHM,2024-10-31 06:33:00,41.45,41.45,41.35,41.4,71900
VHM,2024-10-31 06:34:00,41.4,41.4,41.35,41.4,39500
VHM,2024-10-31 06:35:00,41.4,41.4,41.35,41.4,58100
VHM,2024-10-31 06:36:00,41.4,41.4,41.3,41.3,84300
VHM,2024-10-31 06:37:00,41.3,41.35,41.3,41.3,88900
VHM,2024-10-31 06:38:00,41.3,41.3,41.2,41.25,69700
VHM,2024-10-31 06:39:00,41.25,41.25,41.2,41.2,8700
VHM,2024-10-31 06:40:00,41.2,41.25,41.2,41.2,4200
VHM,2024-10-31 06:41:00,41.2,41.25,41.2,41.25,18800
VHM,2024-10-31 06:42:00,41.25,41.25,41.2,41.25,31500
VHM,2024-10-31 06:43:00,41.25,41.25,41.2,41.25,17700
VHM,2024-10-31 06:44:00,41.25,41.25,41.2,41.2,9700
VHM,2024-10-31 06:45:00,41.2,41.3,41.2,41.3,67900
VHM,2024-10-31 06:46:00,41.3,41.3,41.25,41.3,65300
VHM,2024-10-31 06:47:00,41.3,41.3,41.25,41.3,46400
VHM,2024-10-31 06:48:00,41.3,41.35,41.25,41.3,19900
VHM,2024-10-31 06:49:00,41.3,41.35,41.25,41.3,67400
VHM,2024-10-31 06:50:00,41.3,41.35,41.25,41.3,99300
VHM,2024-10-31 06:51:00,41.3,41.35,41.3,41.35,33400
VHM,2024-10-31 06:52:00,41.35,41.35,41.3,41.3,11900
VHM,2024-10-31 06:53:00,41.3,41.35,41.3,41.3,12000
VHM,2024-10-31 06:54:00,41.3,41.35,41.3,41.35,31800
VHM,2024-10-31 06:55:00,41.35,41.4,41.3,41.3,536000
VHM,2024-10-31 06:56:00,41.3,41.3,41.25,41.3,499800
VHM,2024-10-31 06:57:00,41.3,41.3,41.25,41.3,385600
VHM,2024-10-31 06:58:00,41.3,41.35,41.25,41.3,632300
VHM,2024-10-31 06:59:00,41.3,41.35,41.3,41.3,166200
VHM,2024-10-31 07:00:00,41.3,41.35,41.3,41.35,57600
VHM,2024-10-31 07:01:00,41.35,41.4,41.35,41.35,127000
VHM,2024-10-31 07:02:00,41.35,41.4,41.35,41.4,109100
VHM,2024-10-31 07:03:00,41.4,41.4,41.35,41.4,111700
VHM,2024-10-31 07:04:00,41.4,41.4,41.35,41.35,31400
VHM,2024-10-31 07:05:00,41.35,41.4,41.35,41.4,58500
VHM,2024-10-31 07:06:00,41.4,41.45,41.35,41.45,30100
VHM,2024-10-31 07:07:00,41.45,41.45,41.4,41.4,53700
VHM,2024-10-31 07:08:00,41.4,41.5,41.4,41.5,66900
VHM,2024-10-31 07:09:00,41.5,41.5,41.45,41.5,93100
VHM,2024-10-31 07:10:00,41.5,41.55,41.45,41.5,74200
VHM,2024-10-31 07:11:00,41.5,41.55,41.4,41.45,124100
VHM,2024-10-31 07:12:00,41.45,41.45,41.4,41.45,8800
VHM,2024-10-31 07:13:00,41.45,41.45,41.4,41.45,23400
VHM,2024-10-31 07:14:00,41.45,41.5,41.4,41.4,49700
VHM,2024-10-31 07:15:00,41.4,41.45,41.4,41.4,23900
VHM,2024-10-31 07:16:00,41.4,41.45,41.4,41.4,154200
VHM,2024-10-31 07:17:00,41.4,41.45,41.35,41.35,170100
VHM,2024-10-31 07:18:00,41.35,41.4,41.35,41.35,14800
VHM,2024-10-31 07:19:00,41.35,41.4,41.35,41.4,29200
VHM,2024-10-31 07:20:00,41.4,41.45,41.35,41.4,64500
VHM,2024-10-31 07:21:00,41.4,41.4,41.35,41.35,22400
VHM,2024-10-31 07:22:00,41.35,41.45,41.35,41.4,61700
VHM,2024-10-31 07:23:00,41.4,41.4,41.35,41.4,27800
VHM,2024-10-31 07:24:00,41.4,41.45,41.35,41.4,113500
VHM,2024-10-31 07:25:00,41.4,41.4,41.35,41.4,67100
VHM,2024-10-31 07:26:00,41.4,41.4,41.35,41.4,64900
VHM,2024-10-31 07:27:00,41.4,41.45,41.35,41.4,52700
VHM,2024-10-31 07:28:00,41.4,41.45,41.35,41.45,123900
VHM,2024-10-31 07:29:00,41.45,41.5,41.4,41.45,119200
VHM,2024-10-31 07:45:00,41.5,41.5,41.5,41.5,1029100
