ticker,time,open,high,low,close,volume
IDI,2024-03-01 02:15:00,10.54125,10.54125,10.49958,10.54125,63400
IDI,2024-03-01 02:16:00,10.54125,10.54125,10.45792,10.45792,42300
IDI,2024-03-01 02:17:00,10.45792,10.54125,10.45792,10.49958,18600
IDI,2024-03-01 02:18:00,10.49958,10.54125,10.49958,10.49958,11400
IDI,2024-03-01 02:19:00,10.49958,10.49958,10.45792,10.49958,54300
IDI,2024-03-01 02:20:00,10.49958,10.49958,10.49958,10.49958,8600
IDI,2024-03-01 02:21:00,10.49958,10.49958,10.49958,10.49958,5000
IDI,2024-03-01 02:22:00,10.49958,10.49958,10.41625,10.45792,130700
IDI,2024-03-01 02:23:00,10.45792,10.45792,10.41625,10.41625,57500
IDI,2024-03-01 02:25:00,10.41625,10.49958,10.41625,10.49958,4900
IDI,2024-03-01 02:26:00,10.49958,10.49958,10.49958,10.49958,900
IDI,2024-03-01 02:27:00,10.49958,10.49958,10.49958,10.49958,200
IDI,2024-03-01 02:28:00,10.49958,10.49958,10.45792,10.45792,4500
IDI,2024-03-01 02:29:00,10.45792,10.45792,10.45792,10.45792,1400
IDI,2024-03-01 02:30:00,10.45792,10.45792,10.45792,10.45792,700
IDI,2024-03-01 02:31:00,10.45792,10.45792,10.41625,10.41625,2700
IDI,2024-03-01 02:32:00,10.41625,10.45792,10.41625,10.45792,10000
IDI,2024-03-01 02:33:00,10.45792,10.45792,10.41625,10.41625,2500
IDI,2024-03-01 02:35:00,10.41625,10.45792,10.41625,10.45792,5300
IDI,2024-03-01 02:36:00,10.45792,10.45792,10.41625,10.41625,11500
IDI,2024-03-01 02:37:00,10.41625,10.45792,10.41625,10.45792,600
IDI,2024-03-01 02:38:00,10.45792,10.45792,10.37459,10.37459,51700
IDI,2024-03-01 02:39:00,10.37459,10.41625,10.37459,10.41625,5600
IDI,2024-03-01 02:40:00,10.41625,10.41625,10.37459,10.37459,3600
IDI,2024-03-01 02:41:00,10.37459,10.41625,10.33292,10.41625,149000
IDI,2024-03-01 02:42:00,10.41625,10.41625,10.33292,10.41625,15200
IDI,2024-03-01 02:43:00,10.41625,10.41625,10.41625,10.41625,14900
IDI,2024-03-01 02:44:00,10.41625,10.41625,10.37459,10.37459,26100
IDI,2024-03-01 02:45:00,10.37459,10.41625,10.37459,10.41625,800
IDI,2024-03-01 02:46:00,10.41625,10.41625,10.41625,10.41625,100
IDI,2024-03-01 02:47:00,10.41625,10.41625,10.37459,10.37459,1400
IDI,2024-03-01 02:49:00,10.37459,10.41625,10.37459,10.37459,800
IDI,2024-03-01 02:50:00,10.37459,10.37459,10.37459,10.37459,73100
IDI,2024-03-01 02:51:00,10.37459,10.41625,10.37459,10.41625,15600
IDI,2024-03-01 02:52:00,10.41625,10.41625,10.37459,10.37459,300
IDI,2024-03-01 02:53:00,10.37459,10.37459,10.37459,10.37459,5600
IDI,2024-03-01 02:54:00,10.37459,10.37459,10.37459,10.37459,100
IDI,2024-03-01 02:55:00,10.37459,10.37459,10.37459,10.37459,10000
IDI,2024-03-01 02:57:00,10.37459,10.37459,10.37459,10.37459,16600
IDI,2024-03-01 02:58:00,10.37459,10.41625,10.37459,10.41625,30000
IDI,2024-03-01 03:00:00,10.41625,10.41625,10.37459,10.37459,43800
IDI,2024-03-01 03:02:00,10.37459,10.37459,10.33292,10.37459,13000
IDI,2024-03-01 03:03:00,10.37459,10.37459,10.37459,10.37459,6100
IDI,2024-03-01 03:04:00,10.37459,10.37459,10.33292,10.33292,16000
IDI,2024-03-01 03:05:00,10.33292,10.33292,10.33292,10.33292,3000
IDI,2024-03-01 03:06:00,10.33292,10.37459,10.33292,10.37459,10000
IDI,2024-03-01 03:07:00,10.37459,10.41625,10.37459,10.41625,5100
IDI,2024-03-01 03:08:00,10.41625,10.41625,10.41625,10.41625,500
IDI,2024-03-01 03:11:00,10.41625,10.41625,10.37459,10.37459,4700
IDI,2024-03-01 03:12:00,10.37459,10.41625,10.37459,10.37459,2300
IDI,2024-03-01 03:13:00,10.37459,10.41625,10.37459,10.41625,9100
IDI,2024-03-01 03:14:00,10.41625,10.41625,10.41625,10.41625,7700
IDI,2024-03-01 03:15:00,10.41625,10.41625,10.37459,10.37459,7400
IDI,2024-03-01 03:16:00,10.37459,10.41625,10.37459,10.41625,3500
IDI,2024-03-01 03:17:00,10.41625,10.41625,10.41625,10.41625,600
IDI,2024-03-01 03:18:00,10.41625,10.41625,10.41625,10.41625,88000
IDI,2024-03-01 03:20:00,10.41625,10.41625,10.41625,10.41625,6900
IDI,2024-03-01 03:21:00,10.41625,10.41625,10.41625,10.41625,17500
IDI,2024-03-01 03:22:00,10.41625,10.45792,10.41625,10.41625,23700
IDI,2024-03-01 03:23:00,10.41625,10.41625,10.41625,10.41625,10000
IDI,2024-03-01 03:24:00,10.41625,10.45792,10.41625,10.45792,1200
IDI,2024-03-01 03:26:00,10.45792,10.45792,10.45792,10.45792,1300
IDI,2024-03-01 03:27:00,10.45792,10.45792,10.45792,10.45792,1300
IDI,2024-03-01 03:28:00,10.45792,10.45792,10.45792,10.45792,13000
IDI,2024-03-01 03:29:00,10.45792,10.45792,10.45792,10.45792,2000
IDI,2024-03-01 03:30:00,10.45792,10.45792,10.41625,10.45792,27500
IDI,2024-03-01 03:31:00,10.45792,10.45792,10.45792,10.45792,1000
IDI,2024-03-01 03:33:00,10.45792,10.45792,10.41625,10.45792,2800
IDI,2024-03-01 03:36:00,10.45792,10.45792,10.41625,10.41625,1000
IDI,2024-03-01 03:37:00,10.41625,10.45792,10.41625,10.45792,9400
IDI,2024-03-01 03:40:00,10.45792,10.45792,10.41625,10.41625,1200
IDI,2024-03-01 03:41:00,10.41625,10.41625,10.41625,10.41625,600
IDI,2024-03-01 03:43:00,10.41625,10.41625,10.37459,10.41625,1900
IDI,2024-03-01 03:44:00,10.41625,10.41625,10.37459,10.41625,7200
IDI,2024-03-01 03:45:00,10.41625,10.41625,10.37459,10.41625,13400
IDI,2024-03-01 03:46:00,10.41625,10.41625,10.37459,10.37459,1200
IDI,2024-03-01 03:47:00,10.37459,10.41625,10.37459,10.41625,25000
IDI,2024-03-01 03:49:00,10.41625,10.41625,10.37459,10.37459,15100
IDI,2024-03-01 03:50:00,10.37459,10.45792,10.37459,10.45792,14000
IDI,2024-03-01 03:51:00,10.45792,10.45792,10.41625,10.41625,200
IDI,2024-03-01 03:52:00,10.41625,10.45792,10.41625,10.41625,3000
IDI,2024-03-01 03:53:00,10.41625,10.41625,10.41625,10.41625,300
IDI,2024-03-01 03:54:00,10.41625,10.41625,10.37459,10.41625,4000
IDI,2024-03-01 03:55:00,10.41625,10.41625,10.41625,10.41625,2500
IDI,2024-03-01 03:56:00,10.41625,10.41625,10.41625,10.41625,200
IDI,2024-03-01 03:57:00,10.41625,10.41625,10.41625,10.41625,5000
IDI,2024-03-01 04:00:00,10.41625,10.41625,10.41625,10.41625,300
IDI,2024-03-01 04:01:00,10.41625,10.45792,10.41625,10.41625,300
IDI,2024-03-01 04:02:00,10.41625,10.41625,10.41625,10.41625,10000
IDI,2024-03-01 04:03:00,10.41625,10.41625,10.41625,10.41625,1000
IDI,2024-03-01 04:04:00,10.41625,10.45792,10.41625,10.45792,1000
IDI,2024-03-01 04:06:00,10.45792,10.45792,10.41625,10.41625,13300
IDI,2024-03-01 04:07:00,10.41625,10.41625,10.41625,10.41625,23100
IDI,2024-03-01 04:08:00,10.41625,10.41625,10.41625,10.41625,3000
IDI,2024-03-01 04:09:00,10.41625,10.41625,10.41625,10.41625,1600
IDI,2024-03-01 04:10:00,10.41625,10.41625,10.41625,10.41625,8500
IDI,2024-03-01 04:12:00,10.41625,10.41625,10.41625,10.41625,6700
IDI,2024-03-01 04:13:00,10.41625,10.41625,10.41625,10.41625,2400
IDI,2024-03-01 04:14:00,10.41625,10.41625,10.41625,10.41625,800
IDI,2024-03-01 04:15:00,10.41625,10.41625,10.41625,10.41625,600
IDI,2024-03-01 04:16:00,10.41625,10.41625,10.41625,10.41625,300
IDI,2024-03-01 04:17:00,10.41625,10.41625,10.41625,10.41625,8300
IDI,2024-03-01 04:18:00,10.41625,10.41625,10.37459,10.41625,7300
IDI,2024-03-01 04:19:00,10.41625,10.41625,10.41625,10.41625,2300
IDI,2024-03-01 04:20:00,10.41625,10.41625,10.41625,10.41625,400
IDI,2024-03-01 04:21:00,10.41625,10.41625,10.41625,10.41625,5100
IDI,2024-03-01 04:22:00,10.41625,10.41625,10.41625,10.41625,1700
IDI,2024-03-01 04:23:00,10.41625,10.41625,10.41625,10.41625,4100
IDI,2024-03-01 04:25:00,10.41625,10.41625,10.41625,10.41625,400
IDI,2024-03-01 04:27:00,10.41625,10.45792,10.41625,10.45792,4500
IDI,2024-03-01 04:28:00,10.45792,10.45792,10.41625,10.41625,5600
IDI,2024-03-01 06:00:00,10.41625,10.41625,10.41625,10.41625,51600
IDI,2024-03-01 06:01:00,10.41625,10.41625,10.41625,10.41625,1800
IDI,2024-03-01 06:02:00,10.41625,10.41625,10.37459,10.37459,11700
IDI,2024-03-01 06:03:00,10.37459,10.37459,10.37459,10.37459,24400
IDI,2024-03-01 06:04:00,10.37459,10.37459,10.37459,10.37459,1000
IDI,2024-03-01 06:05:00,10.37459,10.41625,10.37459,10.41625,3000
IDI,2024-03-01 06:06:00,10.41625,10.41625,10.41625,10.41625,1300
IDI,2024-03-01 06:07:00,10.41625,10.41625,10.41625,10.41625,20200
IDI,2024-03-01 06:08:00,10.41625,10.41625,10.37459,10.37459,1800
IDI,2024-03-01 06:09:00,10.37459,10.37459,10.37459,10.37459,27100
IDI,2024-03-01 06:10:00,10.37459,10.37459,10.37459,10.37459,1900
IDI,2024-03-01 06:11:00,10.37459,10.37459,10.37459,10.37459,11500
IDI,2024-03-01 06:12:00,10.37459,10.41625,10.37459,10.41625,7700
IDI,2024-03-01 06:13:00,10.41625,10.41625,10.37459,10.37459,107200
IDI,2024-03-01 06:15:00,10.37459,10.41625,10.37459,10.41625,19300
IDI,2024-03-01 06:16:00,10.41625,10.41625,10.41625,10.41625,12100
IDI,2024-03-01 06:17:00,10.41625,10.41625,10.41625,10.41625,1600
IDI,2024-03-01 06:18:00,10.41625,10.41625,10.41625,10.41625,400
IDI,2024-03-01 06:19:00,10.41625,10.41625,10.41625,10.41625,10500
IDI,2024-03-01 06:20:00,10.41625,10.41625,10.41625,10.41625,5000
IDI,2024-03-01 06:21:00,10.41625,10.41625,10.41625,10.41625,4400
IDI,2024-03-01 06:22:00,10.41625,10.41625,10.41625,10.41625,3000
IDI,2024-03-01 06:23:00,10.41625,10.41625,10.41625,10.41625,80700
IDI,2024-03-01 06:24:00,10.41625,10.41625,10.41625,10.41625,200
IDI,2024-03-01 06:25:00,10.41625,10.41625,10.41625,10.41625,600
IDI,2024-03-01 06:26:00,10.41625,10.41625,10.41625,10.41625,9100
IDI,2024-03-01 06:27:00,10.41625,10.41625,10.41625,10.41625,6200
IDI,2024-03-01 06:29:00,10.41625,10.41625,10.41625,10.41625,55500
IDI,2024-03-01 06:30:00,10.41625,10.41625,10.41625,10.41625,700
IDI,2024-03-01 06:31:00,10.41625,10.41625,10.41625,10.41625,11200
IDI,2024-03-01 06:32:00,10.41625,10.41625,10.37459,10.41625,26000
IDI,2024-03-01 06:33:00,10.41625,10.45792,10.41625,10.45792,22200
IDI,2024-03-01 06:34:00,10.45792,10.45792,10.41625,10.41625,200
IDI,2024-03-01 06:35:00,10.41625,10.41625,10.41625,10.41625,5100
IDI,2024-03-01 06:36:00,10.41625,10.45792,10.41625,10.41625,11500
IDI,2024-03-01 06:37:00,10.41625,10.41625,10.41625,10.41625,25700
IDI,2024-03-01 06:38:00,10.41625,10.41625,10.37459,10.41625,7100
IDI,2024-03-01 06:39:00,10.41625,10.41625,10.41625,10.41625,4700
IDI,2024-03-01 06:40:00,10.41625,10.41625,10.41625,10.41625,6300
IDI,2024-03-01 06:41:00,10.41625,10.41625,10.41625,10.41625,5600
IDI,2024-03-01 06:42:00,10.41625,10.41625,10.41625,10.41625,12500
IDI,2024-03-01 06:43:00,10.41625,10.41625,10.37459,10.41625,6600
IDI,2024-03-01 06:44:00,10.41625,10.41625,10.41625,10.41625,5000
IDI,2024-03-01 06:45:00,10.41625,10.41625,10.37459,10.37459,500
IDI,2024-03-01 06:46:00,10.37459,10.41625,10.37459,10.41625,3500
IDI,2024-03-01 06:47:00,10.41625,10.41625,10.37459,10.37459,5800
IDI,2024-03-01 06:48:00,10.37459,10.41625,10.37459,10.41625,5000
IDI,2024-03-01 06:49:00,10.41625,10.41625,10.41625,10.41625,4800
IDI,2024-03-01 06:50:00,10.41625,10.41625,10.37459,10.37459,2700
IDI,2024-03-01 06:51:00,10.37459,10.41625,10.37459,10.41625,13800
IDI,2024-03-01 06:52:00,10.41625,10.41625,10.41625,10.41625,8100
IDI,2024-03-01 06:53:00,10.41625,10.41625,10.37459,10.37459,1000
IDI,2024-03-01 06:54:00,10.37459,10.37459,10.37459,10.37459,5000
IDI,2024-03-01 06:55:00,10.37459,10.41625,10.37459,10.37459,1800
IDI,2024-03-01 06:56:00,10.37459,10.41625,10.37459,10.37459,20000
IDI,2024-03-01 06:57:00,10.37459,10.41625,10.37459,10.41625,2500
IDI,2024-03-01 06:58:00,10.41625,10.41625,10.41625,10.41625,6700
IDI,2024-03-01 06:59:00,10.41625,10.41625,10.37459,10.37459,3100
IDI,2024-03-01 07:00:00,10.37459,10.41625,10.37459,10.41625,5700
IDI,2024-03-01 07:01:00,10.41625,10.41625,10.37459,10.41625,6200
IDI,2024-03-01 07:02:00,10.41625,10.41625,10.37459,10.37459,36200
IDI,2024-03-01 07:03:00,10.37459,10.37459,10.37459,10.37459,43600
IDI,2024-03-01 07:04:00,10.37459,10.37459,10.37459,10.37459,1000
IDI,2024-03-01 07:05:00,10.37459,10.37459,10.37459,10.37459,10000
IDI,2024-03-01 07:06:00,10.37459,10.37459,10.37459,10.37459,107300
IDI,2024-03-01 07:07:00,10.37459,10.37459,10.33292,10.33292,200
IDI,2024-03-01 07:08:00,10.33292,10.37459,10.33292,10.37459,6600
IDI,2024-03-01 07:09:00,10.37459,10.37459,10.37459,10.37459,7200
IDI,2024-03-01 07:10:00,10.37459,10.37459,10.37459,10.37459,17700
IDI,2024-03-01 07:11:00,10.37459,10.37459,10.37459,10.37459,39300
IDI,2024-03-01 07:12:00,10.37459,10.41625,10.37459,10.41625,40200
IDI,2024-03-01 07:13:00,10.41625,10.41625,10.41625,10.41625,500
IDI,2024-03-01 07:14:00,10.41625,10.41625,10.41625,10.41625,16400
IDI,2024-03-01 07:15:00,10.41625,10.41625,10.37459,10.41625,9600
IDI,2024-03-01 07:16:00,10.41625,10.41625,10.41625,10.41625,2000
IDI,2024-03-01 07:17:00,10.41625,10.41625,10.41625,10.41625,12900
IDI,2024-03-01 07:18:00,10.41625,10.41625,10.41625,10.41625,14700
IDI,2024-03-01 07:19:00,10.41625,10.41625,10.37459,10.41625,23300
IDI,2024-03-01 07:20:00,10.41625,10.41625,10.41625,10.41625,55500
IDI,2024-03-01 07:21:00,10.41625,10.41625,10.41625,10.41625,11500
IDI,2024-03-01 07:22:00,10.41625,10.41625,10.41625,10.41625,19100
IDI,2024-03-01 07:23:00,10.41625,10.41625,10.41625,10.41625,200
IDI,2024-03-01 07:24:00,10.41625,10.41625,10.41625,10.41625,1700
IDI,2024-03-01 07:25:00,10.41625,10.45792,10.41625,10.45792,5300
IDI,2024-03-01 07:26:00,10.45792,10.45792,10.41625,10.45792,200
IDI,2024-03-01 07:27:00,10.45792,10.45792,10.45792,10.45792,9500
IDI,2024-03-01 07:28:00,10.45792,10.45792,10.41625,10.45792,39800
IDI,2024-03-01 07:29:00,10.45792,10.49958,10.41625,10.49958,108000
IDI,2024-03-01 07:45:00,10.49958,10.49958,10.49958,10.49958,145600
IDI,2024-03-04 02:15:00,10.62458,10.62458,10.58291,10.58291,77700
IDI,2024-03-04 02:16:00,10.58291,10.66624,10.58291,10.66624,92000
IDI,2024-03-04 02:17:00,10.66624,10.74957,10.66624,10.74957,57300
IDI,2024-03-04 02:18:00,10.74957,10.79124,10.70791,10.74957,145800
IDI,2024-03-04 02:19:00,10.74957,10.74957,10.70791,10.74957,190000
IDI,2024-03-04 02:20:00,10.74957,10.79124,10.74957,10.74957,24800
IDI,2024-03-04 02:21:00,10.74957,10.79124,10.74957,10.79124,90700
IDI,2024-03-04 02:22:00,10.79124,10.79124,10.74957,10.79124,52200
IDI,2024-03-04 02:23:00,10.79124,10.79124,10.74957,10.79124,10000
IDI,2024-03-04 02:24:00,10.79124,10.79124,10.74957,10.79124,8800
IDI,2024-03-04 02:25:00,10.79124,10.79124,10.74957,10.74957,132000
IDI,2024-03-04 02:26:00,10.74957,10.79124,10.74957,10.79124,17100
IDI,2024-03-04 02:27:00,10.79124,10.79124,10.79124,10.79124,8000
IDI,2024-03-04 02:28:00,10.79124,10.79124,10.74957,10.79124,5500
IDI,2024-03-04 02:29:00,10.79124,10.79124,10.74957,10.74957,31200
IDI,2024-03-04 02:30:00,10.74957,10.79124,10.74957,10.79124,11700
IDI,2024-03-04 02:31:00,10.79124,10.79124,10.74957,10.74957,9500
IDI,2024-03-04 02:32:00,10.74957,10.79124,10.74957,10.74957,5400
IDI,2024-03-04 02:33:00,10.74957,10.79124,10.74957,10.74957,117600
IDI,2024-03-04 02:34:00,10.74957,10.74957,10.74957,10.74957,92000
IDI,2024-03-04 02:35:00,10.74957,10.74957,10.74957,10.74957,11000
IDI,2024-03-04 02:36:00,10.74957,10.74957,10.74957,10.74957,23200
IDI,2024-03-04 02:37:00,10.74957,10.74957,10.74957,10.74957,21400
IDI,2024-03-04 02:38:00,10.74957,10.74957,10.74957,10.74957,20700
IDI,2024-03-04 02:39:00,10.74957,10.79124,10.74957,10.74957,10100
IDI,2024-03-04 02:40:00,10.74957,10.79124,10.74957,10.74957,75500
IDI,2024-03-04 02:41:00,10.74957,10.74957,10.70791,10.70791,31600
IDI,2024-03-04 02:42:00,10.70791,10.74957,10.70791,10.74957,12800
IDI,2024-03-04 02:43:00,10.74957,10.74957,10.70791,10.70791,31700
IDI,2024-03-04 02:44:00,10.70791,10.74957,10.70791,10.70791,14900
IDI,2024-03-04 02:45:00,10.70791,10.74957,10.70791,10.70791,14500
IDI,2024-03-04 02:46:00,10.70791,10.74957,10.70791,10.70791,6100
IDI,2024-03-04 02:47:00,10.70791,10.74957,10.70791,10.74957,2300
IDI,2024-03-04 02:48:00,10.74957,10.74957,10.70791,10.74957,4800
IDI,2024-03-04 02:49:00,10.74957,10.74957,10.70791,10.70791,3000
IDI,2024-03-04 02:50:00,10.70791,10.70791,10.70791,10.70791,11600
IDI,2024-03-04 02:51:00,10.70791,10.74957,10.70791,10.74957,100
IDI,2024-03-04 02:52:00,10.74957,10.74957,10.70791,10.70791,9200
IDI,2024-03-04 02:53:00,10.70791,10.74957,10.70791,10.70791,4000
IDI,2024-03-04 02:55:00,10.70791,10.74957,10.70791,10.70791,22700
IDI,2024-03-04 02:56:00,10.70791,10.74957,10.70791,10.70791,8100
IDI,2024-03-04 02:57:00,10.70791,10.70791,10.70791,10.70791,500
IDI,2024-03-04 02:58:00,10.70791,10.74957,10.70791,10.70791,115500
IDI,2024-03-04 02:59:00,10.70791,10.70791,10.70791,10.70791,28100
IDI,2024-03-04 03:00:00,10.70791,10.74957,10.70791,10.70791,4000
IDI,2024-03-04 03:01:00,10.70791,10.70791,10.70791,10.70791,23000
IDI,2024-03-04 03:02:00,10.70791,10.70791,10.70791,10.70791,4900
IDI,2024-03-04 03:03:00,10.70791,10.70791,10.70791,10.70791,10600
IDI,2024-03-04 03:04:00,10.70791,10.70791,10.70791,10.70791,1200
IDI,2024-03-04 03:05:00,10.70791,10.70791,10.66624,10.70791,10400
IDI,2024-03-04 03:06:00,10.70791,10.70791,10.70791,10.70791,5000
IDI,2024-03-04 03:07:00,10.70791,10.70791,10.70791,10.70791,6500
IDI,2024-03-04 03:08:00,10.70791,10.70791,10.70791,10.70791,52000
IDI,2024-03-04 03:09:00,10.70791,10.70791,10.70791,10.70791,5800
IDI,2024-03-04 03:10:00,10.70791,10.70791,10.70791,10.70791,4700
IDI,2024-03-04 03:11:00,10.70791,10.70791,10.66624,10.66624,7800
IDI,2024-03-04 03:12:00,10.66624,10.70791,10.66624,10.70791,4500
IDI,2024-03-04 03:13:00,10.70791,10.70791,10.70791,10.70791,1300
IDI,2024-03-04 03:14:00,10.70791,10.70791,10.66624,10.70791,4000
IDI,2024-03-04 03:15:00,10.70791,10.70791,10.70791,10.70791,1000
IDI,2024-03-04 03:16:00,10.70791,10.70791,10.66624,10.66624,8100
IDI,2024-03-04 03:17:00,10.66624,10.66624,10.66624,10.66624,700
IDI,2024-03-04 03:18:00,10.66624,10.66624,10.66624,10.66624,45000
IDI,2024-03-04 03:19:00,10.66624,10.66624,10.66624,10.66624,2600
IDI,2024-03-04 03:20:00,10.66624,10.70791,10.66624,10.70791,15300
IDI,2024-03-04 03:22:00,10.70791,10.70791,10.66624,10.66624,193400
IDI,2024-03-04 03:23:00,10.66624,10.66624,10.62458,10.62458,2200
IDI,2024-03-04 03:24:00,10.62458,10.62458,10.62458,10.62458,1800
IDI,2024-03-04 03:25:00,10.62458,10.66624,10.62458,10.66624,4500
IDI,2024-03-04 03:27:00,10.66624,10.66624,10.62458,10.62458,1000
IDI,2024-03-04 03:28:00,10.62458,10.62458,10.62458,10.62458,100000
IDI,2024-03-04 03:29:00,10.62458,10.62458,10.62458,10.62458,91600
IDI,2024-03-04 03:30:00,10.62458,10.62458,10.62458,10.62458,20200
IDI,2024-03-04 03:31:00,10.62458,10.66624,10.62458,10.66624,100
IDI,2024-03-04 03:33:00,10.66624,10.66624,10.62458,10.62458,600
IDI,2024-03-04 03:34:00,10.62458,10.62458,10.62458,10.62458,4600
IDI,2024-03-04 03:35:00,10.62458,10.62458,10.62458,10.62458,500
IDI,2024-03-04 03:36:00,10.62458,10.62458,10.62458,10.62458,25300
IDI,2024-03-04 03:37:00,10.62458,10.62458,10.58291,10.58291,7500
IDI,2024-03-04 03:38:00,10.58291,10.62458,10.58291,10.62458,11000
IDI,2024-03-04 03:39:00,10.62458,10.62458,10.62458,10.62458,2000
IDI,2024-03-04 03:40:00,10.62458,10.62458,10.62458,10.62458,400
IDI,2024-03-04 03:41:00,10.62458,10.62458,10.58291,10.58291,10700
IDI,2024-03-04 03:42:00,10.58291,10.62458,10.58291,10.62458,2000
IDI,2024-03-04 03:43:00,10.62458,10.62458,10.62458,10.62458,36700
IDI,2024-03-04 03:44:00,10.62458,10.62458,10.62458,10.62458,53100
IDI,2024-03-04 03:45:00,10.62458,10.66624,10.62458,10.66624,25700
IDI,2024-03-04 03:46:00,10.66624,10.66624,10.66624,10.66624,10000
IDI,2024-03-04 03:47:00,10.66624,10.66624,10.62458,10.62458,107400
IDI,2024-03-04 03:48:00,10.62458,10.66624,10.62458,10.66624,3000
IDI,2024-03-04 03:49:00,10.66624,10.66624,10.66624,10.66624,2000
IDI,2024-03-04 03:50:00,10.66624,10.66624,10.62458,10.62458,101300
IDI,2024-03-04 03:51:00,10.62458,10.62458,10.62458,10.62458,8100
IDI,2024-03-04 03:52:00,10.62458,10.62458,10.62458,10.62458,61000
IDI,2024-03-04 03:53:00,10.62458,10.62458,10.62458,10.62458,20000
IDI,2024-03-04 03:54:00,10.62458,10.62458,10.62458,10.62458,103100
IDI,2024-03-04 03:55:00,10.62458,10.62458,10.62458,10.62458,16300
IDI,2024-03-04 03:56:00,10.62458,10.66624,10.62458,10.62458,300
IDI,2024-03-04 03:57:00,10.62458,10.62458,10.62458,10.62458,34200
IDI,2024-03-04 03:58:00,10.62458,10.62458,10.62458,10.62458,9200
IDI,2024-03-04 03:59:00,10.62458,10.62458,10.58291,10.62458,5000
IDI,2024-03-04 04:00:00,10.62458,10.62458,10.62458,10.62458,2200
IDI,2024-03-04 04:01:00,10.62458,10.62458,10.62458,10.62458,5000
IDI,2024-03-04 04:03:00,10.62458,10.62458,10.62458,10.62458,200
IDI,2024-03-04 04:05:00,10.62458,10.62458,10.62458,10.62458,100
IDI,2024-03-04 04:06:00,10.62458,10.62458,10.62458,10.62458,200
IDI,2024-03-04 04:07:00,10.62458,10.62458,10.58291,10.58291,65000
IDI,2024-03-04 04:08:00,10.58291,10.66624,10.58291,10.66624,900
IDI,2024-03-04 04:10:00,10.66624,10.66624,10.62458,10.62458,100
IDI,2024-03-04 04:12:00,10.62458,10.62458,10.62458,10.62458,2000
IDI,2024-03-04 04:14:00,10.62458,10.62458,10.62458,10.62458,2000
IDI,2024-03-04 04:15:00,10.62458,10.62458,10.62458,10.62458,1500
IDI,2024-03-04 04:16:00,10.62458,10.62458,10.62458,10.62458,4000
IDI,2024-03-04 04:20:00,10.62458,10.62458,10.62458,10.62458,1000
IDI,2024-03-04 04:21:00,10.62458,10.62458,10.62458,10.62458,100
IDI,2024-03-04 04:22:00,10.62458,10.66624,10.62458,10.66624,4500
IDI,2024-03-04 04:23:00,10.66624,10.66624,10.66624,10.66624,8800
IDI,2024-03-04 04:24:00,10.66624,10.66624,10.66624,10.66624,1000
IDI,2024-03-04 04:25:00,10.66624,10.66624,10.62458,10.66624,1900
IDI,2024-03-04 04:27:00,10.66624,10.66624,10.62458,10.62458,200
IDI,2024-03-04 04:28:00,10.62458,10.66624,10.62458,10.66624,3100
IDI,2024-03-04 06:00:00,10.66624,10.66624,10.62458,10.62458,59400
IDI,2024-03-04 06:01:00,10.62458,10.62458,10.62458,10.62458,400
IDI,2024-03-04 06:02:00,10.62458,10.62458,10.62458,10.62458,1100
IDI,2024-03-04 06:03:00,10.62458,10.62458,10.62458,10.62458,33200
IDI,2024-03-04 06:04:00,10.62458,10.62458,10.62458,10.62458,3600
IDI,2024-03-04 06:05:00,10.62458,10.62458,10.62458,10.62458,11500
IDI,2024-03-04 06:06:00,10.62458,10.62458,10.62458,10.62458,50300
IDI,2024-03-04 06:07:00,10.62458,10.62458,10.62458,10.62458,28300
IDI,2024-03-04 06:08:00,10.62458,10.62458,10.62458,10.62458,57300
IDI,2024-03-04 06:09:00,10.62458,10.62458,10.58291,10.62458,22700
IDI,2024-03-04 06:10:00,10.62458,10.62458,10.58291,10.58291,2100
IDI,2024-03-04 06:11:00,10.58291,10.62458,10.58291,10.62458,8300
IDI,2024-03-04 06:12:00,10.62458,10.62458,10.62458,10.62458,1000
IDI,2024-03-04 06:14:00,10.62458,10.62458,10.62458,10.62458,31500
IDI,2024-03-04 06:15:00,10.62458,10.62458,10.62458,10.62458,5500
IDI,2024-03-04 06:16:00,10.62458,10.62458,10.58291,10.62458,10000
IDI,2024-03-04 06:17:00,10.62458,10.62458,10.62458,10.62458,200
IDI,2024-03-04 06:18:00,10.62458,10.62458,10.58291,10.58291,12400
IDI,2024-03-04 06:19:00,10.58291,10.62458,10.58291,10.58291,11300
IDI,2024-03-04 06:21:00,10.58291,10.62458,10.58291,10.62458,31700
IDI,2024-03-04 06:22:00,10.62458,10.62458,10.62458,10.62458,1200
IDI,2024-03-04 06:23:00,10.62458,10.62458,10.62458,10.62458,54700
IDI,2024-03-04 06:24:00,10.62458,10.62458,10.58291,10.62458,60300
IDI,2024-03-04 06:25:00,10.62458,10.66624,10.62458,10.66624,9700
IDI,2024-03-04 06:26:00,10.66624,10.66624,10.62458,10.62458,3000
IDI,2024-03-04 06:27:00,10.62458,10.66624,10.62458,10.62458,2100
IDI,2024-03-04 06:28:00,10.62458,10.62458,10.62458,10.62458,15200
IDI,2024-03-04 06:29:00,10.62458,10.66624,10.62458,10.62458,80400
IDI,2024-03-04 06:30:00,10.62458,10.66624,10.62458,10.66624,22900
IDI,2024-03-04 06:31:00,10.66624,10.66624,10.62458,10.62458,8900
IDI,2024-03-04 06:32:00,10.62458,10.62458,10.62458,10.62458,1000
IDI,2024-03-04 06:33:00,10.62458,10.62458,10.62458,10.62458,9700
IDI,2024-03-04 06:34:00,10.62458,10.62458,10.62458,10.62458,15600
IDI,2024-03-04 06:35:00,10.62458,10.62458,10.62458,10.62458,9900
IDI,2024-03-04 06:36:00,10.62458,10.66624,10.62458,10.66624,2500
IDI,2024-03-04 06:37:00,10.66624,10.66624,10.62458,10.62458,1500
IDI,2024-03-04 06:38:00,10.62458,10.66624,10.62458,10.62458,700
IDI,2024-03-04 06:39:00,10.62458,10.62458,10.62458,10.62458,2700
IDI,2024-03-04 06:40:00,10.62458,10.62458,10.62458,10.62458,300
IDI,2024-03-04 06:41:00,10.62458,10.62458,10.62458,10.62458,1300
IDI,2024-03-04 06:42:00,10.62458,10.62458,10.62458,10.62458,12500
IDI,2024-03-04 06:43:00,10.62458,10.62458,10.62458,10.62458,3800
IDI,2024-03-04 06:45:00,10.62458,10.62458,10.62458,10.62458,200
IDI,2024-03-04 06:46:00,10.62458,10.66624,10.62458,10.62458,12000
IDI,2024-03-04 06:47:00,10.62458,10.62458,10.62458,10.62458,1400
IDI,2024-03-04 06:48:00,10.62458,10.62458,10.62458,10.62458,200
IDI,2024-03-04 06:49:00,10.62458,10.66624,10.62458,10.62458,2300
IDI,2024-03-04 06:51:00,10.62458,10.62458,10.62458,10.62458,5300
IDI,2024-03-04 06:52:00,10.62458,10.62458,10.62458,10.62458,3200
IDI,2024-03-04 06:53:00,10.62458,10.62458,10.62458,10.62458,200
IDI,2024-03-04 06:55:00,10.62458,10.62458,10.62458,10.62458,3000
IDI,2024-03-04 06:56:00,10.62458,10.66624,10.62458,10.66624,36700
IDI,2024-03-04 06:57:00,10.66624,10.66624,10.66624,10.66624,20000
IDI,2024-03-04 06:58:00,10.66624,10.66624,10.62458,10.62458,9700
IDI,2024-03-04 06:59:00,10.62458,10.66624,10.62458,10.66624,2800
IDI,2024-03-04 07:01:00,10.66624,10.66624,10.62458,10.62458,200
IDI,2024-03-04 07:02:00,10.62458,10.62458,10.62458,10.62458,14200
IDI,2024-03-04 07:03:00,10.62458,10.66624,10.62458,10.66624,6000
IDI,2024-03-04 07:04:00,10.66624,10.66624,10.66624,10.66624,1000
IDI,2024-03-04 07:05:00,10.66624,10.66624,10.62458,10.66624,15100
IDI,2024-03-04 07:06:00,10.66624,10.66624,10.66624,10.66624,600
IDI,2024-03-04 07:07:00,10.66624,10.66624,10.62458,10.62458,3000
IDI,2024-03-04 07:08:00,10.62458,10.66624,10.62458,10.62458,32300
IDI,2024-03-04 07:09:00,10.62458,10.66624,10.62458,10.62458,152500
IDI,2024-03-04 07:10:00,10.62458,10.62458,10.58291,10.58291,5000
IDI,2024-03-04 07:11:00,10.58291,10.62458,10.58291,10.62458,3000
IDI,2024-03-04 07:13:00,10.62458,10.62458,10.58291,10.58291,2300
IDI,2024-03-04 07:14:00,10.58291,10.62458,10.58291,10.58291,5000
IDI,2024-03-04 07:15:00,10.58291,10.58291,10.58291,10.58291,9700
IDI,2024-03-04 07:16:00,10.58291,10.58291,10.58291,10.58291,14100
IDI,2024-03-04 07:17:00,10.58291,10.58291,10.54125,10.54125,217100
IDI,2024-03-04 07:18:00,10.54125,10.58291,10.54125,10.54125,30700
IDI,2024-03-04 07:19:00,10.54125,10.58291,10.54125,10.58291,88500
IDI,2024-03-04 07:20:00,10.58291,10.58291,10.58291,10.58291,16500
IDI,2024-03-04 07:21:00,10.58291,10.58291,10.54125,10.58291,33100
IDI,2024-03-04 07:22:00,10.58291,10.62458,10.58291,10.58291,24600
IDI,2024-03-04 07:23:00,10.58291,10.58291,10.58291,10.58291,22800
IDI,2024-03-04 07:24:00,10.58291,10.62458,10.58291,10.62458,3500
IDI,2024-03-04 07:26:00,10.62458,10.62458,10.62458,10.62458,100
IDI,2024-03-04 07:28:00,10.62458,10.62458,10.62458,10.62458,5000
IDI,2024-03-04 07:29:00,10.62458,10.66624,10.58291,10.66624,59500
IDI,2024-03-04 07:45:00,10.66624,10.66624,10.66624,10.66624,226200
IDI,2024-03-05 02:15:00,10.70791,10.70791,10.70791,10.70791,26300
IDI,2024-03-05 02:16:00,10.70791,10.70791,10.66624,10.66624,4900
IDI,2024-03-05 02:17:00,10.66624,10.66624,10.66624,10.66624,100
IDI,2024-03-05 02:18:00,10.66624,10.66624,10.66624,10.66624,24000
IDI,2024-03-05 02:19:00,10.66624,10.66624,10.62458,10.62458,27700
IDI,2024-03-05 02:20:00,10.62458,10.62458,10.62458,10.62458,1000
IDI,2024-03-05 02:21:00,10.62458,10.66624,10.62458,10.66624,1500
IDI,2024-03-05 02:22:00,10.66624,10.66624,10.62458,10.66624,5100
IDI,2024-03-05 02:23:00,10.66624,10.66624,10.66624,10.66624,2800
IDI,2024-03-05 02:24:00,10.66624,10.66624,10.62458,10.62458,39300
IDI,2024-03-05 02:25:00,10.62458,10.62458,10.62458,10.62458,7900
IDI,2024-03-05 02:26:00,10.62458,10.62458,10.58291,10.58291,54200
IDI,2024-03-05 02:27:00,10.58291,10.62458,10.58291,10.58291,24100
IDI,2024-03-05 02:28:00,10.58291,10.58291,10.54125,10.54125,6900
IDI,2024-03-05 02:29:00,10.54125,10.58291,10.54125,10.58291,36600
IDI,2024-03-05 02:30:00,10.58291,10.58291,10.58291,10.58291,9500
IDI,2024-03-05 02:31:00,10.58291,10.58291,10.54125,10.58291,8500
IDI,2024-03-05 02:32:00,10.58291,10.58291,10.58291,10.58291,26100
IDI,2024-03-05 02:33:00,10.58291,10.58291,10.58291,10.58291,33200
IDI,2024-03-05 02:34:00,10.58291,10.58291,10.58291,10.58291,36100
IDI,2024-03-05 02:35:00,10.58291,10.58291,10.58291,10.58291,23300
IDI,2024-03-05 02:36:00,10.58291,10.58291,10.54125,10.58291,10500
IDI,2024-03-05 02:37:00,10.58291,10.58291,10.58291,10.58291,30600
IDI,2024-03-05 02:38:00,10.58291,10.58291,10.58291,10.58291,32800
IDI,2024-03-05 02:39:00,10.58291,10.62458,10.58291,10.62458,1200
IDI,2024-03-05 02:40:00,10.62458,10.62458,10.58291,10.62458,66100
IDI,2024-03-05 02:41:00,10.62458,10.66624,10.62458,10.66624,4800
IDI,2024-03-05 02:42:00,10.66624,10.66624,10.66624,10.66624,3400
IDI,2024-03-05 02:43:00,10.66624,10.66624,10.66624,10.66624,19800
IDI,2024-03-05 02:44:00,10.66624,10.66624,10.66624,10.66624,19400
IDI,2024-03-05 02:45:00,10.66624,10.66624,10.62458,10.66624,700
IDI,2024-03-05 02:46:00,10.66624,10.66624,10.62458,10.62458,1800
IDI,2024-03-05 02:47:00,10.62458,10.66624,10.62458,10.62458,5300
IDI,2024-03-05 02:48:00,10.62458,10.62458,10.62458,10.62458,1000
IDI,2024-03-05 02:49:00,10.62458,10.66624,10.62458,10.66624,2300
IDI,2024-03-05 02:51:00,10.66624,10.66624,10.62458,10.62458,14300
IDI,2024-03-05 02:52:00,10.62458,10.62458,10.62458,10.62458,300
IDI,2024-03-05 02:53:00,10.62458,10.66624,10.62458,10.66624,40100
IDI,2024-03-05 02:54:00,10.66624,10.66624,10.66624,10.66624,28400
IDI,2024-03-05 02:55:00,10.66624,10.74957,10.66624,10.74957,30700
IDI,2024-03-05 02:56:00,10.74957,10.79124,10.70791,10.79124,172900
IDI,2024-03-05 02:57:00,10.79124,10.8329,10.74957,10.8329,113700
IDI,2024-03-05 02:58:00,10.8329,10.8329,10.79124,10.8329,133800
IDI,2024-03-05 02:59:00,10.8329,10.87457,10.8329,10.87457,45600
IDI,2024-03-05 03:00:00,10.87457,10.87457,10.87457,10.87457,31700
IDI,2024-03-05 03:01:00,10.87457,10.87457,10.8329,10.87457,170800
IDI,2024-03-05 03:02:00,10.87457,10.91623,10.87457,10.87457,82300
IDI,2024-03-05 03:03:00,10.87457,10.87457,10.8329,10.87457,73500
IDI,2024-03-05 03:04:00,10.87457,10.87457,10.79124,10.79124,69400
IDI,2024-03-05 03:05:00,10.79124,10.8329,10.79124,10.79124,17800
IDI,2024-03-05 03:06:00,10.79124,10.79124,10.79124,10.79124,2500
IDI,2024-03-05 03:07:00,10.79124,10.79124,10.74957,10.74957,3100
IDI,2024-03-05 03:08:00,10.74957,10.79124,10.74957,10.79124,24600
IDI,2024-03-05 03:09:00,10.79124,10.79124,10.79124,10.79124,6800
IDI,2024-03-05 03:10:00,10.79124,10.79124,10.79124,10.79124,4400
IDI,2024-03-05 03:11:00,10.79124,10.79124,10.74957,10.79124,6700
IDI,2024-03-05 03:12:00,10.79124,10.79124,10.79124,10.79124,1000
IDI,2024-03-05 03:13:00,10.79124,10.79124,10.79124,10.79124,16900
IDI,2024-03-05 03:14:00,10.79124,10.79124,10.79124,10.79124,57600
IDI,2024-03-05 03:15:00,10.79124,10.79124,10.79124,10.79124,12600
IDI,2024-03-05 03:16:00,10.79124,10.8329,10.79124,10.8329,12100
IDI,2024-03-05 03:17:00,10.8329,10.8329,10.79124,10.79124,1400
IDI,2024-03-05 03:18:00,10.79124,10.79124,10.79124,10.79124,12200
IDI,2024-03-05 03:19:00,10.79124,10.8329,10.79124,10.8329,56900
IDI,2024-03-05 03:20:00,10.8329,10.8329,10.8329,10.8329,17500
IDI,2024-03-05 03:21:00,10.8329,10.8329,10.79124,10.8329,9600
IDI,2024-03-05 03:22:00,10.8329,10.8329,10.79124,10.79124,53200
IDI,2024-03-05 03:23:00,10.79124,10.79124,10.74957,10.74957,8400
IDI,2024-03-05 03:24:00,10.74957,10.79124,10.74957,10.74957,77800
IDI,2024-03-05 03:25:00,10.74957,10.79124,10.74957,10.74957,53800
IDI,2024-03-05 03:26:00,10.74957,10.74957,10.74957,10.74957,105100
IDI,2024-03-05 03:27:00,10.74957,10.74957,10.74957,10.74957,1100
IDI,2024-03-05 03:28:00,10.74957,10.74957,10.74957,10.74957,500
IDI,2024-03-05 03:29:00,10.74957,10.74957,10.70791,10.70791,10500
IDI,2024-03-05 03:30:00,10.70791,10.70791,10.70791,10.70791,98000
IDI,2024-03-05 03:31:00,10.70791,10.74957,10.70791,10.70791,1700
IDI,2024-03-05 03:33:00,10.70791,10.74957,10.70791,10.74957,28000
IDI,2024-03-05 03:34:00,10.74957,10.74957,10.74957,10.74957,33600
IDI,2024-03-05 03:35:00,10.74957,10.74957,10.74957,10.74957,19300
IDI,2024-03-05 03:36:00,10.74957,10.74957,10.74957,10.74957,700
IDI,2024-03-05 03:37:00,10.74957,10.74957,10.74957,10.74957,27500
IDI,2024-03-05 03:38:00,10.74957,10.74957,10.74957,10.74957,1200
IDI,2024-03-05 03:41:00,10.74957,10.79124,10.74957,10.74957,5000
IDI,2024-03-05 03:42:00,10.74957,10.79124,10.74957,10.74957,6900
IDI,2024-03-05 03:43:00,10.74957,10.79124,10.74957,10.79124,12100
IDI,2024-03-05 03:44:00,10.79124,10.79124,10.74957,10.79124,52400
IDI,2024-03-05 03:45:00,10.79124,10.79124,10.79124,10.79124,27100
IDI,2024-03-05 03:46:00,10.79124,10.79124,10.79124,10.79124,4300
IDI,2024-03-05 03:47:00,10.79124,10.79124,10.79124,10.79124,6700
IDI,2024-03-05 03:48:00,10.79124,10.79124,10.79124,10.79124,5100
IDI,2024-03-05 03:49:00,10.79124,10.8329,10.79124,10.79124,5400
IDI,2024-03-05 03:50:00,10.79124,10.79124,10.79124,10.79124,11100
IDI,2024-03-05 03:51:00,10.79124,10.79124,10.79124,10.79124,9800
IDI,2024-03-05 03:52:00,10.79124,10.79124,10.79124,10.79124,3700
IDI,2024-03-05 03:53:00,10.79124,10.79124,10.79124,10.79124,4800
IDI,2024-03-05 03:54:00,10.79124,10.79124,10.79124,10.79124,500
IDI,2024-03-05 03:55:00,10.79124,10.79124,10.79124,10.79124,2500
IDI,2024-03-05 03:56:00,10.79124,10.79124,10.74957,10.79124,1100
IDI,2024-03-05 03:57:00,10.79124,10.79124,10.74957,10.74957,300
IDI,2024-03-05 03:58:00,10.74957,10.74957,10.74957,10.74957,2500
IDI,2024-03-05 03:59:00,10.74957,10.74957,10.74957,10.74957,200
IDI,2024-03-05 04:00:00,10.74957,10.79124,10.74957,10.79124,400
IDI,2024-03-05 04:01:00,10.79124,10.79124,10.79124,10.79124,600
IDI,2024-03-05 04:03:00,10.79124,10.79124,10.74957,10.74957,1000
IDI,2024-03-05 04:06:00,10.74957,10.79124,10.74957,10.79124,6100
IDI,2024-03-05 04:08:00,10.79124,10.79124,10.79124,10.79124,12300
IDI,2024-03-05 04:09:00,10.79124,10.79124,10.79124,10.79124,8300
IDI,2024-03-05 04:10:00,10.79124,10.79124,10.79124,10.79124,57900
IDI,2024-03-05 04:11:00,10.79124,10.79124,10.79124,10.79124,27400
IDI,2024-03-05 04:12:00,10.79124,10.79124,10.79124,10.79124,10800
IDI,2024-03-05 04:13:00,10.79124,10.79124,10.79124,10.79124,16000
IDI,2024-03-05 04:14:00,10.79124,10.79124,10.79124,10.79124,3600
IDI,2024-03-05 04:15:00,10.79124,10.79124,10.79124,10.79124,100
IDI,2024-03-05 04:16:00,10.79124,10.79124,10.79124,10.79124,7000
IDI,2024-03-05 04:17:00,10.79124,10.79124,10.79124,10.79124,7000
IDI,2024-03-05 04:18:00,10.79124,10.79124,10.79124,10.79124,5000
IDI,2024-03-05 04:19:00,10.79124,10.79124,10.79124,10.79124,19900
IDI,2024-03-05 04:20:00,10.79124,10.79124,10.79124,10.79124,7000
IDI,2024-03-05 04:21:00,10.79124,10.79124,10.79124,10.79124,13600
IDI,2024-03-05 04:22:00,10.79124,10.79124,10.79124,10.79124,800
IDI,2024-03-05 04:24:00,10.79124,10.79124,10.74957,10.74957,12300
IDI,2024-03-05 04:25:00,10.74957,10.79124,10.74957,10.79124,300
IDI,2024-03-05 04:26:00,10.79124,10.79124,10.79124,10.79124,5000
IDI,2024-03-05 04:27:00,10.79124,10.79124,10.79124,10.79124,5600
IDI,2024-03-05 04:28:00,10.79124,10.79124,10.79124,10.79124,10000
IDI,2024-03-05 04:29:00,10.79124,10.79124,10.79124,10.79124,2600
IDI,2024-03-05 06:00:00,10.79124,10.79124,10.74957,10.74957,13700
IDI,2024-03-05 06:01:00,10.74957,10.79124,10.74957,10.74957,12300
IDI,2024-03-05 06:02:00,10.74957,10.74957,10.74957,10.74957,200
IDI,2024-03-05 06:03:00,10.74957,10.74957,10.74957,10.74957,5100
IDI,2024-03-05 06:04:00,10.74957,10.74957,10.74957,10.74957,4800
IDI,2024-03-05 06:05:00,10.74957,10.74957,10.74957,10.74957,86300
IDI,2024-03-05 06:06:00,10.74957,10.74957,10.74957,10.74957,14500
IDI,2024-03-05 06:07:00,10.74957,10.74957,10.74957,10.74957,13600
IDI,2024-03-05 06:08:00,10.74957,10.74957,10.74957,10.74957,14100
IDI,2024-03-05 06:09:00,10.74957,10.74957,10.70791,10.74957,50100
IDI,2024-03-05 06:10:00,10.74957,10.74957,10.70791,10.74957,7500
IDI,2024-03-05 06:12:00,10.74957,10.74957,10.74957,10.74957,7100
IDI,2024-03-05 06:13:00,10.74957,10.74957,10.74957,10.74957,700
IDI,2024-03-05 06:14:00,10.74957,10.74957,10.74957,10.74957,2600
IDI,2024-03-05 06:15:00,10.74957,10.74957,10.70791,10.70791,600
IDI,2024-03-05 06:16:00,10.70791,10.74957,10.70791,10.70791,4700
IDI,2024-03-05 06:17:00,10.70791,10.74957,10.70791,10.74957,1300
IDI,2024-03-05 06:18:00,10.74957,10.74957,10.70791,10.70791,3200
IDI,2024-03-05 06:19:00,10.70791,10.74957,10.70791,10.74957,5500
IDI,2024-03-05 06:20:00,10.74957,10.74957,10.70791,10.74957,17300
IDI,2024-03-05 06:21:00,10.74957,10.74957,10.70791,10.74957,12300
IDI,2024-03-05 06:22:00,10.74957,10.74957,10.70791,10.74957,3600
IDI,2024-03-05 06:23:00,10.74957,10.74957,10.70791,10.70791,17200
IDI,2024-03-05 06:24:00,10.70791,10.70791,10.70791,10.70791,2500
IDI,2024-03-05 06:25:00,10.70791,10.74957,10.70791,10.74957,49400
IDI,2024-03-05 06:26:00,10.74957,10.74957,10.70791,10.70791,32800
IDI,2024-03-05 06:27:00,10.70791,10.70791,10.70791,10.70791,94000
IDI,2024-03-05 06:28:00,10.70791,10.70791,10.70791,10.70791,24900
IDI,2024-03-05 06:29:00,10.70791,10.74957,10.70791,10.74957,9000
IDI,2024-03-05 06:30:00,10.74957,10.74957,10.70791,10.70791,12700
IDI,2024-03-05 06:31:00,10.70791,10.70791,10.70791,10.70791,14800
IDI,2024-03-05 06:32:00,10.70791,10.74957,10.70791,10.70791,11400
IDI,2024-03-05 06:33:00,10.70791,10.70791,10.66624,10.70791,6200
IDI,2024-03-05 06:34:00,10.70791,10.70791,10.70791,10.70791,10900
IDI,2024-03-05 06:35:00,10.70791,10.70791,10.70791,10.70791,30600
IDI,2024-03-05 06:36:00,10.70791,10.74957,10.70791,10.74957,300
IDI,2024-03-05 06:37:00,10.74957,10.74957,10.74957,10.74957,6000
IDI,2024-03-05 06:38:00,10.74957,10.74957,10.70791,10.70791,72400
IDI,2024-03-05 06:39:00,10.70791,10.70791,10.70791,10.70791,12700
IDI,2024-03-05 06:40:00,10.70791,10.74957,10.66624,10.70791,184900
IDI,2024-03-05 06:41:00,10.70791,10.70791,10.70791,10.70791,2000
IDI,2024-03-05 06:43:00,10.70791,10.74957,10.70791,10.74957,2500
IDI,2024-03-05 06:44:00,10.74957,10.74957,10.74957,10.74957,2100
IDI,2024-03-05 06:46:00,10.74957,10.74957,10.70791,10.74957,7600
IDI,2024-03-05 06:47:00,10.74957,10.74957,10.70791,10.70791,11200
IDI,2024-03-05 06:48:00,10.70791,10.70791,10.70791,10.70791,3100
IDI,2024-03-05 06:49:00,10.70791,10.70791,10.70791,10.70791,15300
IDI,2024-03-05 06:50:00,10.70791,10.74957,10.70791,10.74957,6100
IDI,2024-03-05 06:51:00,10.74957,10.74957,10.74957,10.74957,36300
IDI,2024-03-05 06:52:00,10.74957,10.74957,10.74957,10.74957,2900
IDI,2024-03-05 06:53:00,10.74957,10.74957,10.74957,10.74957,5800
IDI,2024-03-05 06:54:00,10.74957,10.74957,10.70791,10.74957,25100
IDI,2024-03-05 06:55:00,10.74957,10.74957,10.70791,10.74957,1000
IDI,2024-03-05 06:56:00,10.74957,10.74957,10.74957,10.74957,100
IDI,2024-03-05 06:57:00,10.74957,10.74957,10.74957,10.74957,3400
IDI,2024-03-05 06:58:00,10.74957,10.74957,10.74957,10.74957,14200
IDI,2024-03-05 06:59:00,10.74957,10.74957,10.74957,10.74957,8300
IDI,2024-03-05 07:00:00,10.74957,10.74957,10.74957,10.74957,45000
IDI,2024-03-05 07:01:00,10.74957,10.79124,10.74957,10.79124,100
IDI,2024-03-05 07:02:00,10.79124,10.79124,10.74957,10.74957,9000
IDI,2024-03-05 07:03:00,10.74957,10.74957,10.74957,10.74957,8600
IDI,2024-03-05 07:04:00,10.74957,10.79124,10.74957,10.79124,1200
IDI,2024-03-05 07:05:00,10.79124,10.79124,10.74957,10.74957,13700
IDI,2024-03-05 07:06:00,10.74957,10.74957,10.70791,10.74957,23500
IDI,2024-03-05 07:07:00,10.74957,10.74957,10.74957,10.74957,5500
IDI,2024-03-05 07:08:00,10.74957,10.74957,10.70791,10.74957,500
IDI,2024-03-05 07:09:00,10.74957,10.74957,10.70791,10.70791,100
IDI,2024-03-05 07:10:00,10.70791,10.74957,10.70791,10.74957,600
IDI,2024-03-05 07:11:00,10.74957,10.74957,10.70791,10.70791,3200
IDI,2024-03-05 07:12:00,10.70791,10.70791,10.70791,10.70791,100300
IDI,2024-03-05 07:13:00,10.70791,10.70791,10.66624,10.66624,5900
IDI,2024-03-05 07:14:00,10.66624,10.70791,10.66624,10.66624,1000
IDI,2024-03-05 07:15:00,10.66624,10.66624,10.66624,10.66624,6700
IDI,2024-03-05 07:16:00,10.66624,10.66624,10.66624,10.66624,122900
IDI,2024-03-05 07:17:00,10.66624,10.70791,10.66624,10.70791,11200
IDI,2024-03-05 07:18:00,10.70791,10.70791,10.70791,10.70791,1800
IDI,2024-03-05 07:19:00,10.70791,10.70791,10.70791,10.70791,14700
IDI,2024-03-05 07:20:00,10.70791,10.74957,10.70791,10.70791,4700
IDI,2024-03-05 07:21:00,10.70791,10.70791,10.70791,10.70791,10000
IDI,2024-03-05 07:22:00,10.70791,10.70791,10.70791,10.70791,1500
IDI,2024-03-05 07:23:00,10.70791,10.70791,10.70791,10.70791,6700
IDI,2024-03-05 07:24:00,10.70791,10.74957,10.70791,10.74957,2200
IDI,2024-03-05 07:25:00,10.74957,10.74957,10.74957,10.74957,500
IDI,2024-03-05 07:26:00,10.74957,10.74957,10.70791,10.74957,33100
IDI,2024-03-05 07:27:00,10.74957,10.79124,10.74957,10.74957,50400
IDI,2024-03-05 07:28:00,10.74957,10.79124,10.74957,10.79124,2600
IDI,2024-03-05 07:29:00,10.79124,10.79124,10.74957,10.79124,17400
IDI,2024-03-05 07:45:00,10.74957,10.74957,10.74957,10.74957,183400
IDI,2024-03-06 02:15:00,10.66624,10.70791,10.66624,10.66624,68200
IDI,2024-03-06 02:16:00,10.66624,10.70791,10.66624,10.70791,19200
IDI,2024-03-06 02:17:00,10.70791,10.70791,10.66624,10.66624,30500
IDI,2024-03-06 02:18:00,10.66624,10.70791,10.66624,10.70791,3200
IDI,2024-03-06 02:19:00,10.70791,10.70791,10.66624,10.66624,31000
IDI,2024-03-06 02:20:00,10.66624,10.66624,10.66624,10.66624,21900
IDI,2024-03-06 02:21:00,10.66624,10.66624,10.66624,10.66624,2600
IDI,2024-03-06 02:22:00,10.66624,10.70791,10.66624,10.66624,38300
IDI,2024-03-06 02:23:00,10.66624,10.66624,10.66624,10.66624,900
IDI,2024-03-06 02:24:00,10.66624,10.70791,10.66624,10.70791,10000
IDI,2024-03-06 02:25:00,10.70791,10.70791,10.70791,10.70791,3300
IDI,2024-03-06 02:26:00,10.70791,10.70791,10.70791,10.70791,2300
IDI,2024-03-06 02:27:00,10.70791,10.70791,10.70791,10.70791,200
IDI,2024-03-06 02:28:00,10.70791,10.74957,10.70791,10.70791,11900
IDI,2024-03-06 02:29:00,10.70791,10.74957,10.66624,10.66624,26900
IDI,2024-03-06 02:30:00,10.66624,10.66624,10.66624,10.66624,14100
IDI,2024-03-06 02:31:00,10.66624,10.70791,10.66624,10.70791,700
IDI,2024-03-06 02:32:00,10.70791,10.70791,10.66624,10.66624,19300
IDI,2024-03-06 02:34:00,10.66624,10.70791,10.66624,10.70791,15700
IDI,2024-03-06 02:35:00,10.70791,10.74957,10.70791,10.70791,600
IDI,2024-03-06 02:36:00,10.70791,10.70791,10.70791,10.70791,39000
IDI,2024-03-06 02:37:00,10.70791,10.70791,10.70791,10.70791,6600
IDI,2024-03-06 02:38:00,10.70791,10.70791,10.66624,10.66624,9400
IDI,2024-03-06 02:39:00,10.66624,10.66624,10.66624,10.66624,6700
IDI,2024-03-06 02:40:00,10.66624,10.66624,10.66624,10.66624,20000
IDI,2024-03-06 02:41:00,10.66624,10.66624,10.66624,10.66624,2500
IDI,2024-03-06 02:43:00,10.66624,10.66624,10.66624,10.66624,200
IDI,2024-03-06 02:44:00,10.66624,10.70791,10.66624,10.70791,1700
IDI,2024-03-06 02:45:00,10.70791,10.70791,10.70791,10.70791,100
IDI,2024-03-06 02:46:00,10.70791,10.70791,10.66624,10.66624,36400
IDI,2024-03-06 02:47:00,10.66624,10.70791,10.66624,10.70791,42800
IDI,2024-03-06 02:48:00,10.70791,10.74957,10.70791,10.70791,9700
IDI,2024-03-06 02:49:00,10.70791,10.70791,10.70791,10.70791,700
IDI,2024-03-06 02:50:00,10.70791,10.70791,10.66624,10.66624,17500
IDI,2024-03-06 02:51:00,10.66624,10.66624,10.62458,10.62458,75200
IDI,2024-03-06 02:52:00,10.62458,10.66624,10.62458,10.66624,7100
IDI,2024-03-06 02:53:00,10.66624,10.66624,10.66624,10.66624,400
IDI,2024-03-06 02:54:00,10.66624,10.66624,10.62458,10.62458,1600
IDI,2024-03-06 02:55:00,10.62458,10.66624,10.62458,10.66624,50100
IDI,2024-03-06 02:56:00,10.66624,10.66624,10.66624,10.66624,14800
IDI,2024-03-06 02:57:00,10.66624,10.66624,10.66624,10.66624,6200
IDI,2024-03-06 02:58:00,10.66624,10.66624,10.66624,10.66624,11300
IDI,2024-03-06 02:59:00,10.66624,10.66624,10.66624,10.66624,20000
IDI,2024-03-06 03:00:00,10.66624,10.66624,10.62458,10.66624,11500
IDI,2024-03-06 03:01:00,10.66624,10.66624,10.66624,10.66624,2400
IDI,2024-03-06 03:02:00,10.66624,10.66624,10.66624,10.66624,35500
IDI,2024-03-06 03:03:00,10.66624,10.66624,10.66624,10.66624,10500
IDI,2024-03-06 03:04:00,10.66624,10.66624,10.62458,10.62458,14900
IDI,2024-03-06 03:05:00,10.62458,10.62458,10.62458,10.62458,400
IDI,2024-03-06 03:06:00,10.62458,10.66624,10.62458,10.66624,700
IDI,2024-03-06 03:07:00,10.66624,10.66624,10.66624,10.66624,100
IDI,2024-03-06 03:08:00,10.66624,10.66624,10.62458,10.62458,20500
IDI,2024-03-06 03:09:00,10.62458,10.66624,10.62458,10.66624,9800
IDI,2024-03-06 03:10:00,10.66624,10.66624,10.66624,10.66624,400
IDI,2024-03-06 03:11:00,10.66624,10.66624,10.66624,10.66624,2200
IDI,2024-03-06 03:12:00,10.66624,10.66624,10.66624,10.66624,200
IDI,2024-03-06 03:13:00,10.66624,10.66624,10.66624,10.66624,2800
IDI,2024-03-06 03:14:00,10.66624,10.66624,10.66624,10.66624,15000
IDI,2024-03-06 03:15:00,10.66624,10.66624,10.62458,10.62458,2000
IDI,2024-03-06 03:16:00,10.62458,10.62458,10.62458,10.62458,13100
IDI,2024-03-06 03:17:00,10.62458,10.62458,10.62458,10.62458,10000
IDI,2024-03-06 03:19:00,10.62458,10.66624,10.62458,10.66624,100
IDI,2024-03-06 03:20:00,10.66624,10.66624,10.62458,10.66624,17200
IDI,2024-03-06 03:21:00,10.66624,10.66624,10.66624,10.66624,3000
IDI,2024-03-06 03:22:00,10.66624,10.66624,10.62458,10.62458,1800
IDI,2024-03-06 03:23:00,10.62458,10.62458,10.54125,10.58291,367400
IDI,2024-03-06 03:24:00,10.58291,10.58291,10.54125,10.54125,16300
IDI,2024-03-06 03:25:00,10.54125,10.58291,10.54125,10.58291,140400
IDI,2024-03-06 03:26:00,10.58291,10.58291,10.54125,10.54125,21700
IDI,2024-03-06 03:27:00,10.54125,10.58291,10.54125,10.58291,64600
IDI,2024-03-06 03:28:00,10.58291,10.58291,10.58291,10.58291,34000
IDI,2024-03-06 03:29:00,10.58291,10.62458,10.58291,10.62458,33800
IDI,2024-03-06 03:30:00,10.62458,10.62458,10.58291,10.62458,6600
IDI,2024-03-06 03:31:00,10.62458,10.62458,10.62458,10.62458,3000
IDI,2024-03-06 03:32:00,10.62458,10.62458,10.62458,10.62458,5800
IDI,2024-03-06 03:33:00,10.62458,10.62458,10.58291,10.58291,1000
IDI,2024-03-06 03:34:00,10.58291,10.58291,10.54125,10.54125,2000
IDI,2024-03-06 03:35:00,10.54125,10.58291,10.54125,10.58291,251000
IDI,2024-03-06 03:36:00,10.58291,10.62458,10.58291,10.58291,10200
IDI,2024-03-06 03:37:00,10.58291,10.58291,10.58291,10.58291,9000
IDI,2024-03-06 03:38:00,10.58291,10.58291,10.58291,10.58291,3100
IDI,2024-03-06 03:39:00,10.58291,10.58291,10.58291,10.58291,32000
IDI,2024-03-06 03:40:00,10.58291,10.58291,10.58291,10.58291,1300
IDI,2024-03-06 03:41:00,10.58291,10.58291,10.54125,10.54125,900
IDI,2024-03-06 03:42:00,10.54125,10.58291,10.54125,10.54125,20700
IDI,2024-03-06 03:43:00,10.54125,10.54125,10.54125,10.54125,6800
IDI,2024-03-06 03:44:00,10.54125,10.58291,10.54125,10.54125,3800
IDI,2024-03-06 03:45:00,10.54125,10.54125,10.54125,10.54125,29400
IDI,2024-03-06 03:46:00,10.54125,10.58291,10.54125,10.54125,2200
IDI,2024-03-06 03:47:00,10.54125,10.58291,10.54125,10.58291,16000
IDI,2024-03-06 03:48:00,10.58291,10.58291,10.58291,10.58291,6000
IDI,2024-03-06 03:49:00,10.58291,10.58291,10.58291,10.58291,31000
IDI,2024-03-06 03:50:00,10.58291,10.58291,10.58291,10.58291,6100
IDI,2024-03-06 03:51:00,10.58291,10.58291,10.58291,10.58291,2200
IDI,2024-03-06 03:52:00,10.58291,10.58291,10.58291,10.58291,2200
IDI,2024-03-06 03:53:00,10.58291,10.58291,10.58291,10.58291,15100
IDI,2024-03-06 03:54:00,10.58291,10.58291,10.54125,10.54125,12400
IDI,2024-03-06 03:56:00,10.54125,10.54125,10.54125,10.54125,1100
IDI,2024-03-06 03:58:00,10.54125,10.58291,10.54125,10.54125,100
IDI,2024-03-06 03:59:00,10.54125,10.54125,10.54125,10.54125,5100
IDI,2024-03-06 04:00:00,10.54125,10.54125,10.54125,10.54125,700
IDI,2024-03-06 04:01:00,10.54125,10.58291,10.54125,10.58291,6100
IDI,2024-03-06 04:02:00,10.58291,10.58291,10.58291,10.58291,17400
IDI,2024-03-06 04:03:00,10.58291,10.58291,10.58291,10.58291,4000
IDI,2024-03-06 04:04:00,10.58291,10.58291,10.58291,10.58291,3800
IDI,2024-03-06 04:06:00,10.58291,10.58291,10.58291,10.58291,20400
IDI,2024-03-06 04:07:00,10.58291,10.58291,10.54125,10.54125,2900
IDI,2024-03-06 04:08:00,10.54125,10.58291,10.54125,10.58291,1000
IDI,2024-03-06 04:09:00,10.58291,10.58291,10.54125,10.58291,21000
IDI,2024-03-06 04:10:00,10.58291,10.58291,10.58291,10.58291,500
IDI,2024-03-06 04:11:00,10.58291,10.58291,10.54125,10.54125,100
IDI,2024-03-06 04:13:00,10.54125,10.54125,10.54125,10.54125,4000
IDI,2024-03-06 04:14:00,10.54125,10.54125,10.54125,10.54125,200
IDI,2024-03-06 04:15:00,10.54125,10.54125,10.54125,10.54125,500
IDI,2024-03-06 04:16:00,10.54125,10.54125,10.54125,10.54125,21000
IDI,2024-03-06 04:17:00,10.54125,10.58291,10.54125,10.58291,3200
IDI,2024-03-06 04:19:00,10.58291,10.58291,10.58291,10.58291,100
IDI,2024-03-06 04:20:00,10.58291,10.58291,10.54125,10.54125,5800
IDI,2024-03-06 04:21:00,10.54125,10.58291,10.54125,10.54125,19200
IDI,2024-03-06 04:22:00,10.54125,10.54125,10.54125,10.54125,71000
IDI,2024-03-06 04:23:00,10.54125,10.54125,10.54125,10.54125,55800
IDI,2024-03-06 04:24:00,10.54125,10.54125,10.49958,10.54125,35900
IDI,2024-03-06 04:25:00,10.54125,10.54125,10.45792,10.45792,127300
IDI,2024-03-06 04:26:00,10.45792,10.49958,10.45792,10.45792,15100
IDI,2024-03-06 04:27:00,10.45792,10.49958,10.45792,10.49958,7600
IDI,2024-03-06 04:28:00,10.49958,10.49958,10.49958,10.49958,5300
IDI,2024-03-06 04:29:00,10.49958,10.49958,10.45792,10.45792,1300
IDI,2024-03-06 06:00:00,10.45792,10.49958,10.45792,10.49958,35100
IDI,2024-03-06 06:01:00,10.49958,10.49958,10.45792,10.45792,600
IDI,2024-03-06 06:02:00,10.45792,10.49958,10.45792,10.49958,2600
IDI,2024-03-06 06:03:00,10.49958,10.49958,10.45792,10.45792,10200
IDI,2024-03-06 06:04:00,10.45792,10.45792,10.45792,10.45792,31100
IDI,2024-03-06 06:05:00,10.45792,10.49958,10.45792,10.45792,35000
IDI,2024-03-06 06:06:00,10.45792,10.45792,10.45792,10.45792,15200
IDI,2024-03-06 06:07:00,10.45792,10.45792,10.45792,10.45792,5100
IDI,2024-03-06 06:08:00,10.45792,10.45792,10.45792,10.45792,200
IDI,2024-03-06 06:10:00,10.45792,10.45792,10.45792,10.45792,4300
IDI,2024-03-06 06:11:00,10.45792,10.49958,10.45792,10.49958,11200
IDI,2024-03-06 06:12:00,10.49958,10.49958,10.49958,10.49958,1200
IDI,2024-03-06 06:13:00,10.49958,10.49958,10.49958,10.49958,200
IDI,2024-03-06 06:14:00,10.49958,10.49958,10.49958,10.49958,200
IDI,2024-03-06 06:15:00,10.49958,10.49958,10.49958,10.49958,100
IDI,2024-03-06 06:16:00,10.49958,10.49958,10.45792,10.45792,500
IDI,2024-03-06 06:17:00,10.45792,10.45792,10.45792,10.45792,4500
IDI,2024-03-06 06:19:00,10.45792,10.49958,10.45792,10.49958,11900
IDI,2024-03-06 06:20:00,10.49958,10.49958,10.45792,10.49958,58500
IDI,2024-03-06 06:21:00,10.49958,10.49958,10.49958,10.49958,3400
IDI,2024-03-06 06:22:00,10.49958,10.49958,10.49958,10.49958,5100
IDI,2024-03-06 06:23:00,10.49958,10.49958,10.49958,10.49958,16900
IDI,2024-03-06 06:27:00,10.49958,10.49958,10.49958,10.49958,26300
IDI,2024-03-06 06:28:00,10.49958,10.49958,10.49958,10.49958,5000
IDI,2024-03-06 06:29:00,10.49958,10.49958,10.49958,10.49958,2700
IDI,2024-03-06 06:31:00,10.49958,10.49958,10.49958,10.49958,4100
IDI,2024-03-06 06:32:00,10.49958,10.54125,10.49958,10.54125,100
IDI,2024-03-06 06:33:00,10.54125,10.54125,10.49958,10.49958,4300
IDI,2024-03-06 06:34:00,10.49958,10.49958,10.49958,10.49958,20000
IDI,2024-03-06 06:35:00,10.49958,10.54125,10.49958,10.49958,6000
IDI,2024-03-06 06:36:00,10.49958,10.54125,10.49958,10.49958,5600
IDI,2024-03-06 06:37:00,10.49958,10.49958,10.49958,10.49958,30000
IDI,2024-03-06 06:38:00,10.49958,10.49958,10.49958,10.49958,4000
IDI,2024-03-06 06:39:00,10.49958,10.49958,10.49958,10.49958,5500
IDI,2024-03-06 06:40:00,10.49958,10.49958,10.45792,10.49958,400
IDI,2024-03-06 06:41:00,10.49958,10.49958,10.49958,10.49958,5600
IDI,2024-03-06 06:42:00,10.49958,10.49958,10.49958,10.49958,2600
IDI,2024-03-06 06:44:00,10.49958,10.49958,10.49958,10.49958,600
IDI,2024-03-06 06:45:00,10.49958,10.49958,10.45792,10.49958,16500
IDI,2024-03-06 06:46:00,10.49958,10.49958,10.49958,10.49958,3300
IDI,2024-03-06 06:47:00,10.49958,10.49958,10.49958,10.49958,4600
IDI,2024-03-06 06:48:00,10.49958,10.49958,10.45792,10.45792,14100
IDI,2024-03-06 06:49:00,10.45792,10.49958,10.45792,10.49958,26300
IDI,2024-03-06 06:50:00,10.49958,10.49958,10.45792,10.45792,52400
IDI,2024-03-06 06:51:00,10.45792,10.49958,10.45792,10.45792,8100
IDI,2024-03-06 06:52:00,10.45792,10.45792,10.45792,10.45792,55300
IDI,2024-03-06 06:53:00,10.45792,10.45792,10.45792,10.45792,43100
IDI,2024-03-06 06:54:00,10.45792,10.45792,10.45792,10.45792,2600
IDI,2024-03-06 06:55:00,10.45792,10.45792,10.41625,10.45792,6700
IDI,2024-03-06 06:56:00,10.45792,10.45792,10.45792,10.45792,4200
IDI,2024-03-06 06:57:00,10.45792,10.45792,10.45792,10.45792,4500
IDI,2024-03-06 06:58:00,10.45792,10.49958,10.45792,10.45792,3000
IDI,2024-03-06 06:59:00,10.45792,10.45792,10.45792,10.45792,8600
IDI,2024-03-06 07:00:00,10.45792,10.45792,10.41625,10.41625,72700
IDI,2024-03-06 07:01:00,10.41625,10.45792,10.41625,10.45792,1000
IDI,2024-03-06 07:02:00,10.45792,10.45792,10.45792,10.45792,5500
IDI,2024-03-06 07:03:00,10.45792,10.45792,10.41625,10.45792,1700
IDI,2024-03-06 07:04:00,10.45792,10.45792,10.41625,10.45792,2000
IDI,2024-03-06 07:05:00,10.45792,10.45792,10.45792,10.45792,1000
IDI,2024-03-06 07:06:00,10.45792,10.49958,10.45792,10.49958,15000
IDI,2024-03-06 07:07:00,10.49958,10.49958,10.45792,10.49958,13000
IDI,2024-03-06 07:08:00,10.49958,10.49958,10.45792,10.49958,10400
IDI,2024-03-06 07:09:00,10.49958,10.49958,10.45792,10.49958,3600
IDI,2024-03-06 07:10:00,10.49958,10.49958,10.49958,10.49958,76100
IDI,2024-03-06 07:11:00,10.49958,10.49958,10.41625,10.45792,98800
IDI,2024-03-06 07:12:00,10.45792,10.45792,10.45792,10.45792,1000
IDI,2024-03-06 07:13:00,10.45792,10.45792,10.45792,10.45792,15500
IDI,2024-03-06 07:14:00,10.45792,10.45792,10.45792,10.45792,5000
IDI,2024-03-06 07:16:00,10.45792,10.45792,10.41625,10.41625,19500
IDI,2024-03-06 07:17:00,10.41625,10.49958,10.41625,10.49958,3500
IDI,2024-03-06 07:18:00,10.49958,10.49958,10.45792,10.45792,25800
IDI,2024-03-06 07:19:00,10.45792,10.49958,10.45792,10.45792,3100
IDI,2024-03-06 07:20:00,10.45792,10.49958,10.45792,10.45792,31100
IDI,2024-03-06 07:22:00,10.45792,10.49958,10.45792,10.49958,21900
IDI,2024-03-06 07:24:00,10.49958,10.49958,10.45792,10.45792,47600
IDI,2024-03-06 07:25:00,10.45792,10.45792,10.45792,10.45792,30500
IDI,2024-03-06 07:26:00,10.45792,10.49958,10.45792,10.49958,1000
IDI,2024-03-06 07:27:00,10.49958,10.49958,10.45792,10.49958,12000
IDI,2024-03-06 07:28:00,10.49958,10.49958,10.49958,10.49958,3700
IDI,2024-03-06 07:29:00,10.49958,10.49958,10.45792,10.49958,2600
IDI,2024-03-06 07:45:00,10.49958,10.49958,10.49958,10.49958,190700
IDI,2024-03-07 02:15:00,10.58291,10.62458,10.58291,10.62458,89600
IDI,2024-03-07 02:16:00,10.62458,10.62458,10.58291,10.58291,24900
IDI,2024-03-07 02:17:00,10.58291,10.62458,10.54125,10.54125,87600
IDI,2024-03-07 02:18:00,10.54125,10.58291,10.54125,10.54125,1100
IDI,2024-03-07 02:19:00,10.54125,10.54125,10.49958,10.49958,10000
IDI,2024-03-07 02:20:00,10.49958,10.49958,10.45792,10.45792,21500
IDI,2024-03-07 02:21:00,10.45792,10.45792,10.45792,10.45792,500
IDI,2024-03-07 02:22:00,10.45792,10.49958,10.45792,10.49958,18500
IDI,2024-03-07 02:23:00,10.49958,10.54125,10.49958,10.54125,1700
IDI,2024-03-07 02:24:00,10.54125,10.54125,10.54125,10.54125,2200
IDI,2024-03-07 02:25:00,10.54125,10.58291,10.54125,10.58291,12800
IDI,2024-03-07 02:26:00,10.58291,10.58291,10.58291,10.58291,3000
IDI,2024-03-07 02:27:00,10.58291,10.58291,10.58291,10.58291,1000
IDI,2024-03-07 02:28:00,10.58291,10.58291,10.58291,10.58291,1000
IDI,2024-03-07 02:29:00,10.58291,10.58291,10.58291,10.58291,700
IDI,2024-03-07 02:30:00,10.58291,10.58291,10.58291,10.58291,8200
IDI,2024-03-07 02:31:00,10.58291,10.58291,10.54125,10.54125,27000
IDI,2024-03-07 02:32:00,10.54125,10.58291,10.54125,10.58291,34400
IDI,2024-03-07 02:33:00,10.58291,10.58291,10.54125,10.54125,2000
IDI,2024-03-07 02:34:00,10.54125,10.54125,10.54125,10.54125,22500
IDI,2024-03-07 02:35:00,10.54125,10.54125,10.49958,10.49958,1200
IDI,2024-03-07 02:36:00,10.49958,10.49958,10.49958,10.49958,5500
IDI,2024-03-07 02:37:00,10.49958,10.49958,10.49958,10.49958,600
IDI,2024-03-07 02:38:00,10.49958,10.49958,10.49958,10.49958,100
IDI,2024-03-07 02:39:00,10.49958,10.49958,10.49958,10.49958,2800
IDI,2024-03-07 02:41:00,10.49958,10.49958,10.49958,10.49958,2900
IDI,2024-03-07 02:42:00,10.49958,10.54125,10.49958,10.54125,4200
IDI,2024-03-07 02:43:00,10.54125,10.54125,10.49958,10.49958,9300
IDI,2024-03-07 02:44:00,10.49958,10.49958,10.49958,10.49958,1700
IDI,2024-03-07 02:45:00,10.49958,10.49958,10.49958,10.49958,5300
IDI,2024-03-07 02:46:00,10.49958,10.54125,10.49958,10.54125,200
IDI,2024-03-07 02:47:00,10.54125,10.54125,10.54125,10.54125,37600
IDI,2024-03-07 02:48:00,10.54125,10.62458,10.54125,10.58291,69200
IDI,2024-03-07 02:49:00,10.58291,10.62458,10.58291,10.62458,12600
IDI,2024-03-07 02:50:00,10.62458,10.62458,10.62458,10.62458,48500
IDI,2024-03-07 02:51:00,10.62458,10.66624,10.62458,10.66624,47800
IDI,2024-03-07 02:52:00,10.66624,10.66624,10.66624,10.66624,17600
IDI,2024-03-07 02:53:00,10.66624,10.66624,10.66624,10.66624,2000
IDI,2024-03-07 02:54:00,10.66624,10.66624,10.62458,10.62458,9000
IDI,2024-03-07 02:55:00,10.62458,10.62458,10.58291,10.58291,26300
IDI,2024-03-07 02:56:00,10.58291,10.58291,10.58291,10.58291,27100
IDI,2024-03-07 02:57:00,10.58291,10.58291,10.54125,10.54125,6100
IDI,2024-03-07 03:00:00,10.54125,10.58291,10.54125,10.58291,48600
IDI,2024-03-07 03:01:00,10.58291,10.58291,10.54125,10.54125,3800
IDI,2024-03-07 03:02:00,10.54125,10.54125,10.54125,10.54125,7800
IDI,2024-03-07 03:03:00,10.54125,10.54125,10.54125,10.54125,3000
IDI,2024-03-07 03:04:00,10.54125,10.58291,10.54125,10.58291,4000
IDI,2024-03-07 03:05:00,10.58291,10.58291,10.54125,10.58291,39100
IDI,2024-03-07 03:06:00,10.58291,10.58291,10.58291,10.58291,8000
IDI,2024-03-07 03:07:00,10.58291,10.58291,10.54125,10.54125,2200
IDI,2024-03-07 03:08:00,10.54125,10.58291,10.54125,10.58291,22000
IDI,2024-03-07 03:09:00,10.58291,10.58291,10.54125,10.54125,1000
IDI,2024-03-07 03:10:00,10.54125,10.58291,10.54125,10.58291,1600
IDI,2024-03-07 03:11:00,10.58291,10.58291,10.58291,10.58291,10400
IDI,2024-03-07 03:12:00,10.58291,10.58291,10.54125,10.54125,2000
IDI,2024-03-07 03:13:00,10.54125,10.54125,10.54125,10.54125,9000
IDI,2024-03-07 03:16:00,10.54125,10.54125,10.54125,10.54125,100
IDI,2024-03-07 03:17:00,10.54125,10.58291,10.54125,10.54125,16400
IDI,2024-03-07 03:18:00,10.54125,10.54125,10.54125,10.54125,300
IDI,2024-03-07 03:19:00,10.54125,10.54125,10.54125,10.54125,100
IDI,2024-03-07 03:21:00,10.54125,10.58291,10.54125,10.58291,100
IDI,2024-03-07 03:22:00,10.58291,10.58291,10.54125,10.54125,10000
IDI,2024-03-07 03:23:00,10.54125,10.54125,10.54125,10.54125,1200
IDI,2024-03-07 03:24:00,10.54125,10.58291,10.54125,10.58291,10400
IDI,2024-03-07 03:25:00,10.58291,10.58291,10.58291,10.58291,7500
IDI,2024-03-07 03:26:00,10.58291,10.58291,10.58291,10.58291,1900
IDI,2024-03-07 03:27:00,10.58291,10.58291,10.58291,10.58291,1500
IDI,2024-03-07 03:28:00,10.58291,10.58291,10.58291,10.58291,3400
IDI,2024-03-07 03:29:00,10.58291,10.58291,10.58291,10.58291,1000
IDI,2024-03-07 03:31:00,10.58291,10.58291,10.58291,10.58291,200
IDI,2024-03-07 03:32:00,10.58291,10.58291,10.58291,10.58291,6100
IDI,2024-03-07 03:33:00,10.58291,10.58291,10.58291,10.58291,2400
IDI,2024-03-07 03:34:00,10.58291,10.58291,10.58291,10.58291,1000
IDI,2024-03-07 03:35:00,10.58291,10.62458,10.58291,10.62458,1000
IDI,2024-03-07 03:36:00,10.62458,10.62458,10.62458,10.62458,77500
IDI,2024-03-07 03:37:00,10.62458,10.62458,10.62458,10.62458,20100
IDI,2024-03-07 03:39:00,10.62458,10.62458,10.62458,10.62458,1000
IDI,2024-03-07 03:40:00,10.62458,10.62458,10.62458,10.62458,9300
IDI,2024-03-07 03:41:00,10.62458,10.62458,10.62458,10.62458,10000
IDI,2024-03-07 03:42:00,10.62458,10.62458,10.58291,10.62458,5000
IDI,2024-03-07 03:43:00,10.62458,10.62458,10.58291,10.58291,4000
IDI,2024-03-07 03:44:00,10.58291,10.62458,10.58291,10.62458,2600
IDI,2024-03-07 03:45:00,10.62458,10.62458,10.62458,10.62458,3500
IDI,2024-03-07 03:46:00,10.62458,10.62458,10.62458,10.62458,1000
IDI,2024-03-07 03:48:00,10.62458,10.62458,10.58291,10.58291,3900
IDI,2024-03-07 03:49:00,10.58291,10.58291,10.58291,10.58291,44900
IDI,2024-03-07 03:50:00,10.58291,10.58291,10.58291,10.58291,10100
IDI,2024-03-07 03:51:00,10.58291,10.58291,10.58291,10.58291,15000
IDI,2024-03-07 03:52:00,10.58291,10.58291,10.58291,10.58291,1300
IDI,2024-03-07 03:53:00,10.58291,10.58291,10.58291,10.58291,100
IDI,2024-03-07 03:54:00,10.58291,10.58291,10.54125,10.54125,1400
IDI,2024-03-07 03:57:00,10.54125,10.54125,10.54125,10.54125,12900
IDI,2024-03-07 04:00:00,10.54125,10.54125,10.54125,10.54125,6200
IDI,2024-03-07 04:01:00,10.54125,10.54125,10.54125,10.54125,1500
IDI,2024-03-07 04:02:00,10.54125,10.58291,10.54125,10.58291,10700
IDI,2024-03-07 04:05:00,10.58291,10.58291,10.58291,10.58291,100
IDI,2024-03-07 04:06:00,10.58291,10.58291,10.54125,10.54125,600
IDI,2024-03-07 04:07:00,10.54125,10.54125,10.54125,10.54125,200
IDI,2024-03-07 04:08:00,10.54125,10.54125,10.54125,10.54125,11300
IDI,2024-03-07 04:13:00,10.54125,10.54125,10.54125,10.54125,1000
IDI,2024-03-07 04:14:00,10.54125,10.54125,10.54125,10.54125,29900
IDI,2024-03-07 04:15:00,10.54125,10.54125,10.54125,10.54125,1000
IDI,2024-03-07 04:16:00,10.54125,10.54125,10.54125,10.54125,3200
IDI,2024-03-07 04:17:00,10.54125,10.54125,10.54125,10.54125,4400
IDI,2024-03-07 04:18:00,10.54125,10.54125,10.54125,10.54125,4900
IDI,2024-03-07 04:19:00,10.54125,10.54125,10.54125,10.54125,10000
IDI,2024-03-07 04:22:00,10.54125,10.54125,10.54125,10.54125,11000
IDI,2024-03-07 04:23:00,10.54125,10.54125,10.54125,10.54125,43000
IDI,2024-03-07 04:24:00,10.54125,10.54125,10.54125,10.54125,3000
IDI,2024-03-07 04:26:00,10.54125,10.54125,10.54125,10.54125,100
IDI,2024-03-07 04:27:00,10.54125,10.54125,10.49958,10.49958,2500
IDI,2024-03-07 04:28:00,10.49958,10.49958,10.49958,10.49958,20000
IDI,2024-03-07 06:00:00,10.49958,10.54125,10.49958,10.49958,29300
IDI,2024-03-07 06:01:00,10.49958,10.49958,10.49958,10.49958,9100
IDI,2024-03-07 06:02:00,10.49958,10.49958,10.49958,10.49958,4000
IDI,2024-03-07 06:04:00,10.49958,10.49958,10.49958,10.49958,3400
IDI,2024-03-07 06:05:00,10.49958,10.54125,10.49958,10.54125,1600
IDI,2024-03-07 06:07:00,10.54125,10.54125,10.54125,10.54125,5900
IDI,2024-03-07 06:08:00,10.54125,10.54125,10.54125,10.54125,400
IDI,2024-03-07 06:09:00,10.54125,10.54125,10.54125,10.54125,300
IDI,2024-03-07 06:10:00,10.54125,10.54125,10.54125,10.54125,4300
IDI,2024-03-07 06:11:00,10.54125,10.58291,10.54125,10.58291,29300
IDI,2024-03-07 06:12:00,10.58291,10.58291,10.54125,10.54125,500
IDI,2024-03-07 06:13:00,10.54125,10.54125,10.54125,10.54125,5400
IDI,2024-03-07 06:15:00,10.54125,10.58291,10.54125,10.58291,1000
IDI,2024-03-07 06:16:00,10.58291,10.58291,10.58291,10.58291,2500
IDI,2024-03-07 06:17:00,10.58291,10.58291,10.54125,10.54125,54400
IDI,2024-03-07 06:18:00,10.54125,10.54125,10.49958,10.49958,12000
IDI,2024-03-07 06:19:00,10.49958,10.49958,10.49958,10.49958,1500
IDI,2024-03-07 06:21:00,10.49958,10.54125,10.49958,10.49958,4600
IDI,2024-03-07 06:22:00,10.49958,10.54125,10.49958,10.54125,4200
IDI,2024-03-07 06:23:00,10.54125,10.54125,10.54125,10.54125,12000
IDI,2024-03-07 06:24:00,10.54125,10.58291,10.54125,10.54125,41700
IDI,2024-03-07 06:25:00,10.54125,10.54125,10.54125,10.54125,1400
IDI,2024-03-07 06:26:00,10.54125,10.54125,10.54125,10.54125,100
IDI,2024-03-07 06:27:00,10.54125,10.54125,10.54125,10.54125,22800
IDI,2024-03-07 06:28:00,10.54125,10.54125,10.54125,10.54125,7000
IDI,2024-03-07 06:29:00,10.54125,10.54125,10.54125,10.54125,1000
IDI,2024-03-07 06:30:00,10.54125,10.58291,10.54125,10.58291,300
IDI,2024-03-07 06:31:00,10.58291,10.58291,10.54125,10.54125,2000
IDI,2024-03-07 06:32:00,10.54125,10.58291,10.54125,10.54125,5600
IDI,2024-03-07 06:33:00,10.54125,10.54125,10.54125,10.54125,900
IDI,2024-03-07 06:34:00,10.54125,10.54125,10.54125,10.54125,45000
IDI,2024-03-07 06:35:00,10.54125,10.54125,10.54125,10.54125,30200
IDI,2024-03-07 06:36:00,10.54125,10.54125,10.54125,10.54125,1400
IDI,2024-03-07 06:37:00,10.54125,10.54125,10.54125,10.54125,13700
IDI,2024-03-07 06:39:00,10.54125,10.58291,10.54125,10.58291,11800
IDI,2024-03-07 06:40:00,10.58291,10.58291,10.54125,10.54125,11800
IDI,2024-03-07 06:41:00,10.54125,10.58291,10.54125,10.58291,9000
IDI,2024-03-07 06:42:00,10.58291,10.58291,10.58291,10.58291,5200
IDI,2024-03-07 06:43:00,10.58291,10.58291,10.58291,10.58291,12400
IDI,2024-03-07 06:44:00,10.58291,10.58291,10.58291,10.58291,13700
IDI,2024-03-07 06:45:00,10.58291,10.62458,10.58291,10.62458,6100
IDI,2024-03-07 06:46:00,10.62458,10.62458,10.58291,10.58291,2000
IDI,2024-03-07 06:47:00,10.58291,10.58291,10.58291,10.58291,7200
IDI,2024-03-07 06:48:00,10.58291,10.58291,10.58291,10.58291,3200
IDI,2024-03-07 06:49:00,10.58291,10.58291,10.54125,10.54125,12300
IDI,2024-03-07 06:50:00,10.54125,10.54125,10.54125,10.54125,1100
IDI,2024-03-07 06:51:00,10.54125,10.54125,10.54125,10.54125,1500
IDI,2024-03-07 06:52:00,10.54125,10.54125,10.54125,10.54125,38900
IDI,2024-03-07 06:53:00,10.54125,10.54125,10.49958,10.49958,15900
IDI,2024-03-07 06:54:00,10.49958,10.49958,10.49958,10.49958,200
IDI,2024-03-07 06:55:00,10.49958,10.54125,10.49958,10.54125,28400
IDI,2024-03-07 06:56:00,10.54125,10.54125,10.54125,10.54125,5000
IDI,2024-03-07 06:57:00,10.54125,10.58291,10.54125,10.58291,2900
IDI,2024-03-07 06:58:00,10.58291,10.58291,10.58291,10.58291,100
IDI,2024-03-07 06:59:00,10.58291,10.58291,10.58291,10.58291,60000
IDI,2024-03-07 07:00:00,10.58291,10.58291,10.54125,10.58291,20100
IDI,2024-03-07 07:01:00,10.58291,10.58291,10.54125,10.54125,6100
IDI,2024-03-07 07:02:00,10.54125,10.54125,10.54125,10.54125,9000
IDI,2024-03-07 07:03:00,10.54125,10.54125,10.54125,10.54125,1200
IDI,2024-03-07 07:04:00,10.54125,10.54125,10.54125,10.54125,5000
IDI,2024-03-07 07:05:00,10.54125,10.54125,10.54125,10.54125,36900
IDI,2024-03-07 07:06:00,10.54125,10.54125,10.54125,10.54125,700
IDI,2024-03-07 07:07:00,10.54125,10.54125,10.54125,10.54125,1000
IDI,2024-03-07 07:08:00,10.54125,10.54125,10.54125,10.54125,100
IDI,2024-03-07 07:09:00,10.54125,10.54125,10.54125,10.54125,15000
IDI,2024-03-07 07:11:00,10.54125,10.54125,10.54125,10.54125,19300
IDI,2024-03-07 07:12:00,10.54125,10.54125,10.49958,10.54125,5500
IDI,2024-03-07 07:13:00,10.54125,10.58291,10.54125,10.54125,400
IDI,2024-03-07 07:14:00,10.54125,10.58291,10.54125,10.58291,16100
IDI,2024-03-07 07:16:00,10.58291,10.58291,10.54125,10.54125,4600
IDI,2024-03-07 07:17:00,10.54125,10.54125,10.54125,10.54125,25000
IDI,2024-03-07 07:18:00,10.54125,10.58291,10.54125,10.54125,300
IDI,2024-03-07 07:19:00,10.54125,10.58291,10.54125,10.58291,26600
IDI,2024-03-07 07:20:00,10.58291,10.58291,10.58291,10.58291,40500
IDI,2024-03-07 07:21:00,10.58291,10.62458,10.58291,10.62458,10200
IDI,2024-03-07 07:22:00,10.62458,10.62458,10.58291,10.62458,1000
IDI,2024-03-07 07:23:00,10.62458,10.62458,10.54125,10.54125,70000
IDI,2024-03-07 07:24:00,10.54125,10.62458,10.54125,10.54125,59100
IDI,2024-03-07 07:25:00,10.54125,10.54125,10.54125,10.54125,58200
IDI,2024-03-07 07:26:00,10.54125,10.58291,10.54125,10.58291,6000
IDI,2024-03-07 07:27:00,10.58291,10.58291,10.54125,10.58291,20300
IDI,2024-03-07 07:28:00,10.58291,10.58291,10.58291,10.58291,100
IDI,2024-03-07 07:29:00,10.58291,10.58291,10.54125,10.58291,24700
IDI,2024-03-07 07:45:00,10.58291,10.58291,10.58291,10.58291,76600
IDI,2024-03-08 02:15:00,10.66624,10.66624,10.66624,10.66624,31200
IDI,2024-03-08 02:16:00,10.66624,10.66624,10.66624,10.66624,2700
IDI,2024-03-08 02:17:00,10.66624,10.66624,10.62458,10.62458,21200
IDI,2024-03-08 02:18:00,10.62458,10.66624,10.62458,10.66624,12100
IDI,2024-03-08 02:19:00,10.66624,10.66624,10.62458,10.62458,14400
IDI,2024-03-08 02:20:00,10.62458,10.62458,10.62458,10.62458,15100
IDI,2024-03-08 02:21:00,10.62458,10.66624,10.62458,10.66624,5500
IDI,2024-03-08 02:22:00,10.66624,10.66624,10.62458,10.62458,100
IDI,2024-03-08 02:23:00,10.62458,10.66624,10.62458,10.62458,34900
IDI,2024-03-08 02:24:00,10.62458,10.62458,10.62458,10.62458,300
IDI,2024-03-08 02:25:00,10.62458,10.62458,10.62458,10.62458,31600
IDI,2024-03-08 02:26:00,10.62458,10.62458,10.58291,10.62458,44100
IDI,2024-03-08 02:27:00,10.62458,10.62458,10.58291,10.58291,4400
IDI,2024-03-08 02:28:00,10.58291,10.62458,10.58291,10.62458,600
IDI,2024-03-08 02:29:00,10.62458,10.62458,10.62458,10.62458,5500
IDI,2024-03-08 02:30:00,10.62458,10.62458,10.58291,10.58291,1000
IDI,2024-03-08 02:31:00,10.58291,10.62458,10.58291,10.62458,21400
IDI,2024-03-08 02:32:00,10.62458,10.62458,10.58291,10.58291,20000
IDI,2024-03-08 02:33:00,10.58291,10.58291,10.58291,10.58291,11700
IDI,2024-03-08 02:35:00,10.58291,10.58291,10.58291,10.58291,1200
IDI,2024-03-08 02:36:00,10.58291,10.58291,10.58291,10.58291,38000
IDI,2024-03-08 02:37:00,10.58291,10.62458,10.58291,10.62458,1700
IDI,2024-03-08 02:38:00,10.62458,10.62458,10.54125,10.54125,21200
IDI,2024-03-08 02:39:00,10.54125,10.58291,10.54125,10.54125,26100
IDI,2024-03-08 02:40:00,10.54125,10.54125,10.54125,10.54125,15500
IDI,2024-03-08 02:41:00,10.54125,10.54125,10.49958,10.49958,6200
IDI,2024-03-08 02:42:00,10.49958,10.54125,10.49958,10.49958,80000
IDI,2024-03-08 02:43:00,10.49958,10.49958,10.45792,10.45792,15000
IDI,2024-03-08 02:44:00,10.45792,10.54125,10.45792,10.49958,10300
IDI,2024-03-08 02:45:00,10.49958,10.54125,10.49958,10.54125,33700
IDI,2024-03-08 02:46:00,10.54125,10.54125,10.54125,10.54125,3300
IDI,2024-03-08 02:47:00,10.54125,10.54125,10.54125,10.54125,11000
IDI,2024-03-08 02:49:00,10.54125,10.58291,10.54125,10.58291,3400
IDI,2024-03-08 02:50:00,10.58291,10.58291,10.58291,10.58291,9700
IDI,2024-03-08 02:51:00,10.58291,10.58291,10.58291,10.58291,2500
IDI,2024-03-08 02:52:00,10.58291,10.58291,10.54125,10.58291,19300
IDI,2024-03-08 02:53:00,10.58291,10.58291,10.54125,10.54125,28400
IDI,2024-03-08 02:54:00,10.54125,10.54125,10.54125,10.54125,4000
IDI,2024-03-08 02:55:00,10.54125,10.54125,10.54125,10.54125,12100
IDI,2024-03-08 02:56:00,10.54125,10.54125,10.45792,10.49958,69300
IDI,2024-03-08 02:57:00,10.49958,10.49958,10.49958,10.49958,2000
IDI,2024-03-08 02:58:00,10.49958,10.54125,10.49958,10.54125,4100
IDI,2024-03-08 02:59:00,10.54125,10.58291,10.54125,10.58291,500
IDI,2024-03-08 03:00:00,10.58291,10.58291,10.58291,10.58291,17000
IDI,2024-03-08 03:01:00,10.58291,10.58291,10.58291,10.58291,45500
IDI,2024-03-08 03:02:00,10.58291,10.58291,10.58291,10.58291,300
IDI,2024-03-08 03:03:00,10.58291,10.58291,10.58291,10.58291,14700
IDI,2024-03-08 03:04:00,10.58291,10.58291,10.58291,10.58291,17400
IDI,2024-03-08 03:05:00,10.58291,10.58291,10.54125,10.54125,71200
IDI,2024-03-08 03:06:00,10.54125,10.54125,10.49958,10.49958,124100
IDI,2024-03-08 03:07:00,10.49958,10.54125,10.49958,10.54125,8200
IDI,2024-03-08 03:08:00,10.54125,10.54125,10.49958,10.49958,22300
IDI,2024-03-08 03:09:00,10.49958,10.49958,10.49958,10.49958,4800
IDI,2024-03-08 03:10:00,10.49958,10.49958,10.49958,10.49958,15500
IDI,2024-03-08 03:11:00,10.49958,10.49958,10.49958,10.49958,13800
IDI,2024-03-08 03:12:00,10.49958,10.49958,10.49958,10.49958,8800
IDI,2024-03-08 03:13:00,10.49958,10.49958,10.45792,10.45792,81800
IDI,2024-03-08 03:15:00,10.45792,10.45792,10.45792,10.45792,5100
IDI,2024-03-08 03:16:00,10.45792,10.45792,10.45792,10.45792,136700
IDI,2024-03-08 03:17:00,10.45792,10.45792,10.41625,10.41625,22900
IDI,2024-03-08 03:18:00,10.41625,10.45792,10.41625,10.45792,2200
IDI,2024-03-08 03:19:00,10.45792,10.45792,10.41625,10.41625,11200
IDI,2024-03-08 03:20:00,10.41625,10.45792,10.41625,10.45792,33200
IDI,2024-03-08 03:21:00,10.45792,10.45792,10.41625,10.45792,1500
IDI,2024-03-08 03:22:00,10.45792,10.45792,10.41625,10.45792,21900
IDI,2024-03-08 03:23:00,10.45792,10.45792,10.41625,10.45792,13700
IDI,2024-03-08 03:24:00,10.45792,10.45792,10.41625,10.45792,4100
IDI,2024-03-08 03:25:00,10.45792,10.45792,10.41625,10.45792,62000
IDI,2024-03-08 03:26:00,10.45792,10.45792,10.41625,10.45792,68300
IDI,2024-03-08 03:27:00,10.45792,10.45792,10.41625,10.45792,49200
IDI,2024-03-08 03:28:00,10.45792,10.45792,10.45792,10.45792,800
IDI,2024-03-08 03:29:00,10.45792,10.45792,10.41625,10.45792,5000
IDI,2024-03-08 03:30:00,10.45792,10.45792,10.45792,10.45792,23000
IDI,2024-03-08 03:31:00,10.45792,10.49958,10.45792,10.45792,56000
IDI,2024-03-08 03:32:00,10.45792,10.49958,10.45792,10.45792,26400
IDI,2024-03-08 03:33:00,10.45792,10.49958,10.45792,10.49958,2600
IDI,2024-03-08 03:34:00,10.49958,10.49958,10.45792,10.49958,60600
IDI,2024-03-08 03:36:00,10.49958,10.49958,10.49958,10.49958,300
IDI,2024-03-08 03:37:00,10.49958,10.49958,10.49958,10.49958,2100
IDI,2024-03-08 03:38:00,10.49958,10.49958,10.49958,10.49958,10200
IDI,2024-03-08 03:39:00,10.49958,10.49958,10.49958,10.49958,4000
IDI,2024-03-08 03:40:00,10.49958,10.49958,10.49958,10.49958,500
IDI,2024-03-08 03:41:00,10.49958,10.49958,10.45792,10.45792,29500
IDI,2024-03-08 03:42:00,10.45792,10.45792,10.45792,10.45792,200
IDI,2024-03-08 03:43:00,10.45792,10.49958,10.45792,10.49958,400
IDI,2024-03-08 03:44:00,10.49958,10.49958,10.49958,10.49958,8000
IDI,2024-03-08 03:48:00,10.49958,10.49958,10.45792,10.45792,9200
IDI,2024-03-08 03:49:00,10.45792,10.45792,10.45792,10.45792,7000
IDI,2024-03-08 03:51:00,10.45792,10.49958,10.45792,10.45792,4500
IDI,2024-03-08 03:52:00,10.45792,10.49958,10.45792,10.49958,38800
IDI,2024-03-08 03:53:00,10.49958,10.49958,10.45792,10.45792,12500
IDI,2024-03-08 03:54:00,10.45792,10.45792,10.45792,10.45792,24800
IDI,2024-03-08 03:55:00,10.45792,10.45792,10.45792,10.45792,100
IDI,2024-03-08 03:56:00,10.45792,10.45792,10.41625,10.45792,47000
IDI,2024-03-08 03:58:00,10.45792,10.45792,10.45792,10.45792,22000
IDI,2024-03-08 03:59:00,10.45792,10.49958,10.45792,10.49958,13500
IDI,2024-03-08 04:00:00,10.49958,10.49958,10.45792,10.45792,9000
IDI,2024-03-08 04:01:00,10.45792,10.49958,10.45792,10.45792,7500
IDI,2024-03-08 04:03:00,10.45792,10.49958,10.45792,10.45792,8400
IDI,2024-03-08 04:04:00,10.45792,10.49958,10.41625,10.49958,23200
IDI,2024-03-08 04:05:00,10.49958,10.49958,10.45792,10.45792,1000
IDI,2024-03-08 04:06:00,10.45792,10.49958,10.45792,10.49958,18200
IDI,2024-03-08 04:07:00,10.49958,10.49958,10.45792,10.45792,9200
IDI,2024-03-08 04:08:00,10.45792,10.54125,10.45792,10.54125,3000
IDI,2024-03-08 04:10:00,10.54125,10.54125,10.49958,10.49958,15600
IDI,2024-03-08 04:11:00,10.49958,10.49958,10.49958,10.49958,1600
IDI,2024-03-08 04:12:00,10.49958,10.49958,10.49958,10.49958,14100
IDI,2024-03-08 04:13:00,10.49958,10.49958,10.45792,10.45792,2400
IDI,2024-03-08 04:14:00,10.45792,10.49958,10.45792,10.45792,52000
IDI,2024-03-08 04:15:00,10.45792,10.45792,10.45792,10.45792,10000
IDI,2024-03-08 04:16:00,10.45792,10.49958,10.45792,10.45792,12000
IDI,2024-03-08 04:18:00,10.45792,10.49958,10.45792,10.49958,10200
IDI,2024-03-08 04:19:00,10.49958,10.49958,10.45792,10.45792,34700
IDI,2024-03-08 04:20:00,10.45792,10.49958,10.45792,10.49958,600
IDI,2024-03-08 04:21:00,10.49958,10.49958,10.45792,10.45792,55000
IDI,2024-03-08 04:22:00,10.45792,10.45792,10.45792,10.45792,62000
IDI,2024-03-08 04:23:00,10.45792,10.45792,10.41625,10.41625,25000
IDI,2024-03-08 04:24:00,10.41625,10.45792,10.41625,10.45792,8200
IDI,2024-03-08 04:25:00,10.45792,10.45792,10.41625,10.45792,8100
IDI,2024-03-08 04:26:00,10.45792,10.45792,10.45792,10.45792,2700
IDI,2024-03-08 04:27:00,10.45792,10.45792,10.45792,10.45792,3300
IDI,2024-03-08 04:28:00,10.45792,10.45792,10.45792,10.45792,3000
IDI,2024-03-08 06:00:00,10.45792,10.45792,10.41625,10.41625,36400
IDI,2024-03-08 06:01:00,10.41625,10.41625,10.41625,10.41625,5300
IDI,2024-03-08 06:02:00,10.41625,10.41625,10.41625,10.41625,208100
IDI,2024-03-08 06:03:00,10.41625,10.41625,10.41625,10.41625,6000
IDI,2024-03-08 06:04:00,10.41625,10.41625,10.41625,10.41625,14100
IDI,2024-03-08 06:05:00,10.41625,10.41625,10.37459,10.37459,16700
IDI,2024-03-08 06:06:00,10.37459,10.41625,10.37459,10.41625,11200
IDI,2024-03-08 06:07:00,10.41625,10.41625,10.41625,10.41625,34300
IDI,2024-03-08 06:08:00,10.41625,10.41625,10.41625,10.41625,12600
IDI,2024-03-08 06:09:00,10.41625,10.41625,10.41625,10.41625,2000
IDI,2024-03-08 06:10:00,10.41625,10.41625,10.37459,10.41625,35000
IDI,2024-03-08 06:11:00,10.41625,10.41625,10.41625,10.41625,3300
IDI,2024-03-08 06:12:00,10.41625,10.41625,10.41625,10.41625,1000
IDI,2024-03-08 06:13:00,10.41625,10.45792,10.41625,10.45792,10100
IDI,2024-03-08 06:14:00,10.45792,10.45792,10.45792,10.45792,3500
IDI,2024-03-08 06:15:00,10.45792,10.45792,10.41625,10.41625,4400
IDI,2024-03-08 06:16:00,10.41625,10.45792,10.41625,10.41625,9600
IDI,2024-03-08 06:17:00,10.41625,10.41625,10.41625,10.41625,33800
IDI,2024-03-08 06:18:00,10.41625,10.45792,10.41625,10.41625,16200
IDI,2024-03-08 06:20:00,10.41625,10.45792,10.41625,10.41625,25400
IDI,2024-03-08 06:21:00,10.41625,10.41625,10.37459,10.41625,36100
IDI,2024-03-08 06:22:00,10.41625,10.41625,10.41625,10.41625,15800
IDI,2024-03-08 06:23:00,10.41625,10.41625,10.41625,10.41625,2100
IDI,2024-03-08 06:24:00,10.41625,10.41625,10.41625,10.41625,5700
IDI,2024-03-08 06:25:00,10.41625,10.41625,10.41625,10.41625,25100
IDI,2024-03-08 06:26:00,10.41625,10.41625,10.41625,10.41625,1100
IDI,2024-03-08 06:27:00,10.41625,10.41625,10.41625,10.41625,1600
IDI,2024-03-08 06:28:00,10.41625,10.45792,10.41625,10.45792,2000
IDI,2024-03-08 06:29:00,10.45792,10.45792,10.45792,10.45792,20600
IDI,2024-03-08 06:30:00,10.45792,10.45792,10.45792,10.45792,8400
IDI,2024-03-08 06:31:00,10.45792,10.45792,10.45792,10.45792,4400
IDI,2024-03-08 06:32:00,10.45792,10.45792,10.45792,10.45792,2900
IDI,2024-03-08 06:33:00,10.45792,10.45792,10.45792,10.45792,2500
IDI,2024-03-08 06:34:00,10.45792,10.45792,10.45792,10.45792,1300
IDI,2024-03-08 06:35:00,10.45792,10.45792,10.45792,10.45792,100
IDI,2024-03-08 06:36:00,10.45792,10.45792,10.45792,10.45792,500
IDI,2024-03-08 06:37:00,10.45792,10.45792,10.41625,10.41625,8200
IDI,2024-03-08 06:38:00,10.41625,10.41625,10.41625,10.41625,30500
IDI,2024-03-08 06:39:00,10.41625,10.41625,10.37459,10.37459,35400
IDI,2024-03-08 06:40:00,10.37459,10.41625,10.37459,10.41625,6500
IDI,2024-03-08 06:41:00,10.41625,10.41625,10.41625,10.41625,4000
IDI,2024-03-08 06:42:00,10.41625,10.41625,10.41625,10.41625,17700
IDI,2024-03-08 06:43:00,10.41625,10.45792,10.41625,10.45792,11100
IDI,2024-03-08 06:44:00,10.45792,10.45792,10.45792,10.45792,22800
IDI,2024-03-08 06:45:00,10.45792,10.45792,10.45792,10.45792,2400
IDI,2024-03-08 06:46:00,10.45792,10.45792,10.41625,10.45792,2700
IDI,2024-03-08 06:47:00,10.45792,10.45792,10.45792,10.45792,300
IDI,2024-03-08 06:48:00,10.45792,10.45792,10.45792,10.45792,5200
IDI,2024-03-08 06:49:00,10.45792,10.45792,10.45792,10.45792,2700
IDI,2024-03-08 06:50:00,10.45792,10.45792,10.45792,10.45792,2800
IDI,2024-03-08 06:51:00,10.45792,10.49958,10.45792,10.49958,8600
IDI,2024-03-08 06:52:00,10.49958,10.49958,10.45792,10.45792,40500
IDI,2024-03-08 06:53:00,10.45792,10.49958,10.45792,10.49958,1400
IDI,2024-03-08 06:54:00,10.49958,10.49958,10.45792,10.45792,1000
IDI,2024-03-08 06:55:00,10.45792,10.49958,10.45792,10.49958,300
IDI,2024-03-08 06:56:00,10.49958,10.49958,10.45792,10.45792,9300
IDI,2024-03-08 06:57:00,10.45792,10.49958,10.45792,10.45792,1000
IDI,2024-03-08 07:00:00,10.45792,10.49958,10.45792,10.45792,24000
IDI,2024-03-08 07:01:00,10.45792,10.45792,10.45792,10.45792,21500
IDI,2024-03-08 07:02:00,10.45792,10.45792,10.45792,10.45792,2100
IDI,2024-03-08 07:03:00,10.45792,10.45792,10.45792,10.45792,18000
IDI,2024-03-08 07:05:00,10.45792,10.49958,10.45792,10.49958,13600
IDI,2024-03-08 07:06:00,10.49958,10.49958,10.49958,10.49958,17000
IDI,2024-03-08 07:07:00,10.49958,10.49958,10.45792,10.49958,6200
IDI,2024-03-08 07:08:00,10.49958,10.49958,10.49958,10.49958,4900
IDI,2024-03-08 07:09:00,10.49958,10.49958,10.45792,10.45792,37500
IDI,2024-03-08 07:10:00,10.45792,10.49958,10.45792,10.45792,95600
IDI,2024-03-08 07:11:00,10.45792,10.45792,10.41625,10.45792,6900
IDI,2024-03-08 07:12:00,10.45792,10.45792,10.45792,10.45792,3300
IDI,2024-03-08 07:13:00,10.45792,10.45792,10.41625,10.45792,17800
IDI,2024-03-08 07:14:00,10.45792,10.45792,10.41625,10.41625,106000
IDI,2024-03-08 07:15:00,10.41625,10.41625,10.41625,10.41625,1500
IDI,2024-03-08 07:16:00,10.41625,10.45792,10.41625,10.41625,53800
IDI,2024-03-08 07:17:00,10.41625,10.41625,10.41625,10.41625,18500
IDI,2024-03-08 07:18:00,10.41625,10.45792,10.41625,10.41625,45700
IDI,2024-03-08 07:19:00,10.41625,10.45792,10.41625,10.45792,200
IDI,2024-03-08 07:20:00,10.45792,10.45792,10.41625,10.41625,14400
IDI,2024-03-08 07:21:00,10.41625,10.41625,10.41625,10.41625,1500
IDI,2024-03-08 07:22:00,10.41625,10.41625,10.41625,10.41625,5700
IDI,2024-03-08 07:23:00,10.41625,10.41625,10.41625,10.41625,1100
IDI,2024-03-08 07:24:00,10.41625,10.45792,10.41625,10.41625,4100
IDI,2024-03-08 07:25:00,10.41625,10.41625,10.41625,10.41625,800
IDI,2024-03-08 07:26:00,10.41625,10.45792,10.41625,10.45792,2200
IDI,2024-03-08 07:27:00,10.45792,10.45792,10.41625,10.45792,55800
IDI,2024-03-08 07:28:00,10.45792,10.45792,10.41625,10.45792,3200
IDI,2024-03-08 07:29:00,10.45792,10.45792,10.33292,10.33292,25000
IDI,2024-03-08 07:45:00,10.33292,10.33292,10.33292,10.33292,301100
IDI,2024-03-11 02:15:00,10.62458,10.66624,10.58291,10.58291,285600
IDI,2024-03-11 02:16:00,10.58291,10.66624,10.58291,10.66624,101600
IDI,2024-03-11 02:17:00,10.66624,10.66624,10.62458,10.66624,122800
IDI,2024-03-11 02:18:00,10.66624,10.74957,10.66624,10.74957,320000
IDI,2024-03-11 02:19:00,10.74957,10.8329,10.74957,10.79124,174600
IDI,2024-03-11 02:20:00,10.79124,10.79124,10.74957,10.74957,29500
IDI,2024-03-11 02:21:00,10.74957,10.79124,10.74957,10.74957,64300
IDI,2024-03-11 02:22:00,10.74957,10.74957,10.70791,10.70791,38400
IDI,2024-03-11 02:23:00,10.70791,10.74957,10.70791,10.70791,56800
IDI,2024-03-11 02:24:00,10.70791,10.70791,10.66624,10.66624,121200
IDI,2024-03-11 02:25:00,10.66624,10.70791,10.66624,10.66624,5100
IDI,2024-03-11 02:26:00,10.66624,10.70791,10.66624,10.70791,19500
IDI,2024-03-11 02:27:00,10.70791,10.74957,10.66624,10.74957,183300
IDI,2024-03-11 02:28:00,10.74957,10.79124,10.74957,10.79124,211900
IDI,2024-03-11 02:29:00,10.79124,10.79124,10.74957,10.79124,100400
IDI,2024-03-11 02:30:00,10.79124,10.79124,10.79124,10.79124,7300
IDI,2024-03-11 02:31:00,10.79124,10.79124,10.74957,10.79124,25300
IDI,2024-03-11 02:32:00,10.79124,10.79124,10.74957,10.79124,51200
IDI,2024-03-11 02:33:00,10.79124,10.79124,10.79124,10.79124,179700
IDI,2024-03-11 02:34:00,10.79124,10.8329,10.79124,10.8329,27900
IDI,2024-03-11 02:35:00,10.8329,10.8329,10.79124,10.8329,40400
IDI,2024-03-11 02:36:00,10.8329,10.8329,10.79124,10.8329,55700
IDI,2024-03-11 02:37:00,10.8329,10.91623,10.8329,10.91623,328400
IDI,2024-03-11 02:38:00,10.91623,10.99956,10.91623,10.99956,267100
IDI,2024-03-11 02:39:00,10.99956,10.99956,10.9579,10.99956,292100
IDI,2024-03-11 02:40:00,10.99956,10.99956,10.99956,10.99956,156800
IDI,2024-03-11 02:41:00,10.99956,10.99956,10.9579,10.99956,20400
IDI,2024-03-11 02:42:00,10.99956,10.99956,10.9579,10.99956,65400
IDI,2024-03-11 02:43:00,10.99956,10.99956,10.9579,10.9579,13300
IDI,2024-03-11 02:44:00,10.9579,10.99956,10.9579,10.99956,42300
IDI,2024-03-11 02:45:00,10.99956,10.99956,10.9579,10.9579,120800
IDI,2024-03-11 02:46:00,10.9579,10.9579,10.9579,10.9579,35000
IDI,2024-03-11 02:47:00,10.9579,10.9579,10.91623,10.9579,43900
IDI,2024-03-11 02:48:00,10.9579,10.99956,10.9579,10.9579,3100
IDI,2024-03-11 02:49:00,10.9579,10.99956,10.9579,10.99956,12700
IDI,2024-03-11 02:50:00,10.99956,11.04123,10.99956,11.04123,408700
IDI,2024-03-11 02:51:00,11.04123,11.04123,10.99956,11.04123,12000
IDI,2024-03-11 02:52:00,11.04123,11.04123,10.99956,11.04123,15600
IDI,2024-03-11 02:53:00,11.04123,11.04123,10.99956,11.04123,31500
IDI,2024-03-11 02:54:00,11.04123,11.04123,10.99956,11.04123,105700
IDI,2024-03-11 02:55:00,11.04123,11.04123,10.99956,11.04123,56200
IDI,2024-03-11 02:56:00,11.04123,11.04123,10.99956,10.99956,20600
IDI,2024-03-11 02:57:00,10.99956,10.99956,10.99956,10.99956,17400
IDI,2024-03-11 02:58:00,10.99956,10.99956,10.99956,10.99956,32300
IDI,2024-03-11 02:59:00,10.99956,11.04123,10.99956,10.99956,39600
IDI,2024-03-11 03:00:00,10.99956,11.04123,10.99956,10.99956,11400
IDI,2024-03-11 03:01:00,10.99956,11.04123,10.99956,10.99956,31300
IDI,2024-03-11 03:02:00,10.99956,11.04123,10.99956,10.99956,144100
IDI,2024-03-11 03:03:00,10.99956,10.99956,10.9579,10.99956,46500
IDI,2024-03-11 03:04:00,10.99956,10.99956,10.9579,10.9579,13500
IDI,2024-03-11 03:05:00,10.9579,10.99956,10.9579,10.99956,101900
IDI,2024-03-11 03:06:00,10.99956,10.99956,10.99956,10.99956,122300
IDI,2024-03-11 03:07:00,10.99956,10.99956,10.99956,10.99956,80000
IDI,2024-03-11 03:08:00,10.99956,10.99956,10.99956,10.99956,1200
IDI,2024-03-11 03:09:00,10.99956,11.04123,10.99956,10.99956,59100
IDI,2024-03-11 03:10:00,10.99956,11.04123,10.99956,11.04123,5200
IDI,2024-03-11 03:11:00,11.04123,11.04123,10.99956,11.04123,4500
IDI,2024-03-11 03:12:00,11.04123,11.04123,10.99956,11.04123,11900
IDI,2024-03-11 03:13:00,11.04123,11.04123,10.99956,10.99956,34700
IDI,2024-03-11 03:14:00,10.99956,11.04123,10.99956,10.99956,7900
IDI,2024-03-11 03:15:00,10.99956,10.99956,10.99956,10.99956,34200
IDI,2024-03-11 03:16:00,10.99956,10.99956,10.99956,10.99956,9200
IDI,2024-03-11 03:17:00,10.99956,11.04123,10.99956,10.99956,19100
IDI,2024-03-11 03:18:00,10.99956,11.04123,10.99956,10.99956,7800
IDI,2024-03-11 03:19:00,10.99956,11.04123,10.99956,11.04123,13100
IDI,2024-03-11 03:20:00,11.04123,11.04123,11.04123,11.04123,16400
IDI,2024-03-11 03:21:00,11.04123,11.04123,10.99956,11.04123,26800
IDI,2024-03-11 03:22:00,11.04123,11.04123,10.99956,10.99956,10500
IDI,2024-03-11 03:23:00,10.99956,11.04123,10.99956,10.99956,11100
IDI,2024-03-11 03:24:00,10.99956,11.04123,10.99956,10.99956,3400
IDI,2024-03-11 03:25:00,10.99956,10.99956,10.99956,10.99956,11300
IDI,2024-03-11 03:26:00,10.99956,10.99956,10.99956,10.99956,29700
IDI,2024-03-11 03:27:00,10.99956,10.99956,10.99956,10.99956,2100
IDI,2024-03-11 03:28:00,10.99956,10.99956,10.99956,10.99956,26700
IDI,2024-03-11 03:29:00,10.99956,10.99956,10.99956,10.99956,500
IDI,2024-03-11 03:30:00,10.99956,11.04123,10.99956,10.99956,28200
IDI,2024-03-11 03:31:00,10.99956,11.04123,10.99956,10.99956,57300
IDI,2024-03-11 03:32:00,10.99956,10.99956,10.99956,10.99956,55400
IDI,2024-03-11 03:33:00,10.99956,10.99956,10.99956,10.99956,56000
IDI,2024-03-11 03:34:00,10.99956,11.04123,10.99956,11.04123,47400
IDI,2024-03-11 03:35:00,11.04123,11.04123,10.99956,10.99956,16000
IDI,2024-03-11 03:36:00,10.99956,11.04123,10.99956,11.04123,50300
IDI,2024-03-11 03:37:00,11.04123,11.04123,10.99956,11.04123,7400
IDI,2024-03-11 03:38:00,11.04123,11.04123,10.99956,10.99956,21300
IDI,2024-03-11 03:39:00,10.99956,10.99956,10.99956,10.99956,10500
IDI,2024-03-11 03:40:00,10.99956,11.04123,10.99956,11.04123,28600
IDI,2024-03-11 03:41:00,11.04123,11.04123,10.99956,11.04123,10700
IDI,2024-03-11 03:42:00,11.04123,11.04123,10.99956,11.04123,15400
IDI,2024-03-11 03:43:00,11.04123,11.04123,10.99956,10.99956,14700
IDI,2024-03-11 03:44:00,10.99956,11.04123,10.99956,10.99956,15000
IDI,2024-03-11 03:45:00,10.99956,11.04123,10.99956,10.99956,32300
IDI,2024-03-11 03:46:00,10.99956,10.99956,10.9579,10.9579,26100
IDI,2024-03-11 03:47:00,10.9579,10.99956,10.9579,10.99956,1000
IDI,2024-03-11 03:48:00,10.99956,10.99956,10.99956,10.99956,5000
IDI,2024-03-11 03:49:00,10.99956,10.99956,10.9579,10.99956,52300
IDI,2024-03-11 03:50:00,10.99956,10.99956,10.9579,10.9579,58000
IDI,2024-03-11 03:51:00,10.9579,10.99956,10.9579,10.9579,27000
IDI,2024-03-11 03:52:00,10.9579,10.9579,10.9579,10.9579,9000
IDI,2024-03-11 03:53:00,10.9579,10.9579,10.9579,10.9579,9500
IDI,2024-03-11 03:54:00,10.9579,10.99956,10.9579,10.9579,27600
IDI,2024-03-11 03:55:00,10.9579,10.99956,10.9579,10.9579,42000
IDI,2024-03-11 03:56:00,10.9579,10.9579,10.9579,10.9579,15000
IDI,2024-03-11 03:58:00,10.9579,10.99956,10.9579,10.9579,13500
IDI,2024-03-11 03:59:00,10.9579,10.9579,10.9579,10.9579,16200
IDI,2024-03-11 04:00:00,10.9579,10.9579,10.9579,10.9579,30300
IDI,2024-03-11 04:01:00,10.9579,10.9579,10.9579,10.9579,4200
IDI,2024-03-11 04:02:00,10.9579,10.9579,10.9579,10.9579,300
IDI,2024-03-11 04:03:00,10.9579,10.99956,10.9579,10.99956,5900
IDI,2024-03-11 04:05:00,10.99956,10.99956,10.9579,10.9579,5400
IDI,2024-03-11 04:06:00,10.9579,10.9579,10.9579,10.9579,2700
IDI,2024-03-11 04:07:00,10.9579,10.9579,10.9579,10.9579,5000
IDI,2024-03-11 04:08:00,10.9579,10.9579,10.9579,10.9579,700
IDI,2024-03-11 04:09:00,10.9579,10.9579,10.9579,10.9579,500
IDI,2024-03-11 04:10:00,10.9579,10.99956,10.9579,10.99956,14300
IDI,2024-03-11 04:11:00,10.99956,10.99956,10.9579,10.99956,23600
IDI,2024-03-11 04:13:00,10.99956,10.99956,10.99956,10.99956,600
IDI,2024-03-11 04:14:00,10.99956,10.99956,10.9579,10.9579,15100
IDI,2024-03-11 04:15:00,10.9579,10.9579,10.9579,10.9579,300
IDI,2024-03-11 04:16:00,10.9579,10.99956,10.9579,10.9579,7000
IDI,2024-03-11 04:17:00,10.9579,10.99956,10.9579,10.99956,100
IDI,2024-03-11 04:19:00,10.99956,10.99956,10.99956,10.99956,12200
IDI,2024-03-11 04:20:00,10.99956,10.99956,10.9579,10.9579,31500
IDI,2024-03-11 04:21:00,10.9579,10.9579,10.9579,10.9579,3500
IDI,2024-03-11 04:22:00,10.9579,10.9579,10.9579,10.9579,1500
IDI,2024-03-11 04:23:00,10.9579,10.9579,10.9579,10.9579,2800
IDI,2024-03-11 04:24:00,10.9579,10.9579,10.9579,10.9579,3000
IDI,2024-03-11 04:25:00,10.9579,10.9579,10.9579,10.9579,300
IDI,2024-03-11 04:26:00,10.9579,10.9579,10.9579,10.9579,200
IDI,2024-03-11 04:27:00,10.9579,10.9579,10.9579,10.9579,1700
IDI,2024-03-11 04:28:00,10.9579,10.99956,10.9579,10.9579,800
IDI,2024-03-11 06:00:00,10.9579,10.99956,10.9579,10.9579,91200
IDI,2024-03-11 06:01:00,10.9579,10.99956,10.9579,10.9579,1700
IDI,2024-03-11 06:02:00,10.9579,10.99956,10.9579,10.99956,4600
IDI,2024-03-11 06:04:00,10.99956,10.99956,10.9579,10.9579,200
IDI,2024-03-11 06:05:00,10.9579,10.99956,10.9579,10.99956,3300
IDI,2024-03-11 06:08:00,10.99956,10.99956,10.9579,10.99956,3000
IDI,2024-03-11 06:09:00,10.99956,10.99956,10.9579,10.9579,4200
IDI,2024-03-11 06:10:00,10.9579,10.9579,10.9579,10.9579,1600
IDI,2024-03-11 06:11:00,10.9579,10.9579,10.9579,10.9579,51400
IDI,2024-03-11 06:12:00,10.9579,10.99956,10.9579,10.9579,10100
IDI,2024-03-11 06:13:00,10.9579,10.9579,10.9579,10.9579,6000
IDI,2024-03-11 06:14:00,10.9579,10.9579,10.9579,10.9579,5700
IDI,2024-03-11 06:15:00,10.9579,10.99956,10.9579,10.9579,74100
IDI,2024-03-11 06:16:00,10.9579,10.99956,10.9579,10.99956,8200
IDI,2024-03-11 06:17:00,10.99956,10.99956,10.99956,10.99956,234800
IDI,2024-03-11 06:18:00,10.99956,10.99956,10.99956,10.99956,10100
IDI,2024-03-11 06:19:00,10.99956,10.99956,10.99956,10.99956,300
IDI,2024-03-11 06:20:00,10.99956,10.99956,10.99956,10.99956,49300
IDI,2024-03-11 06:21:00,10.99956,10.99956,10.99956,10.99956,13800
IDI,2024-03-11 06:22:00,10.99956,10.99956,10.99956,10.99956,300
IDI,2024-03-11 06:23:00,10.99956,10.99956,10.99956,10.99956,12800
IDI,2024-03-11 06:24:00,10.99956,11.04123,10.99956,10.99956,18300
IDI,2024-03-11 06:25:00,10.99956,10.99956,10.99956,10.99956,10900
IDI,2024-03-11 06:26:00,10.99956,10.99956,10.99956,10.99956,12000
IDI,2024-03-11 06:27:00,10.99956,10.99956,10.99956,10.99956,29400
IDI,2024-03-11 06:28:00,10.99956,10.99956,10.99956,10.99956,6600
IDI,2024-03-11 06:29:00,10.99956,10.99956,10.99956,10.99956,8500
IDI,2024-03-11 06:30:00,10.99956,11.04123,10.99956,10.99956,3200
IDI,2024-03-11 06:31:00,10.99956,11.04123,10.99956,10.99956,29000
IDI,2024-03-11 06:32:00,10.99956,11.04123,10.99956,11.04123,24300
IDI,2024-03-11 06:33:00,11.04123,11.04123,10.99956,10.99956,100
IDI,2024-03-11 06:34:00,10.99956,10.99956,10.99956,10.99956,2900
IDI,2024-03-11 06:35:00,10.99956,10.99956,10.99956,10.99956,5300
IDI,2024-03-11 06:36:00,10.99956,11.04123,10.99956,10.99956,14600
IDI,2024-03-11 06:37:00,10.99956,10.99956,10.99956,10.99956,100
IDI,2024-03-11 06:38:00,10.99956,10.99956,10.99956,10.99956,29300
IDI,2024-03-11 06:39:00,10.99956,10.99956,10.99956,10.99956,96300
IDI,2024-03-11 06:40:00,10.99956,10.99956,10.99956,10.99956,100
IDI,2024-03-11 06:41:00,10.99956,10.99956,10.99956,10.99956,5400
IDI,2024-03-11 06:42:00,10.99956,10.99956,10.99956,10.99956,100
IDI,2024-03-11 06:43:00,10.99956,10.99956,10.99956,10.99956,2300
IDI,2024-03-11 06:44:00,10.99956,10.99956,10.99956,10.99956,20000
IDI,2024-03-11 06:45:00,10.99956,10.99956,10.99956,10.99956,2000
IDI,2024-03-11 06:46:00,10.99956,10.99956,10.99956,10.99956,57700
IDI,2024-03-11 06:47:00,10.99956,10.99956,10.99956,10.99956,15100
IDI,2024-03-11 06:48:00,10.99956,10.99956,10.99956,10.99956,15000
IDI,2024-03-11 06:49:00,10.99956,10.99956,10.99956,10.99956,43500
IDI,2024-03-11 06:50:00,10.99956,10.99956,10.99956,10.99956,20000
IDI,2024-03-11 06:51:00,10.99956,10.99956,10.99956,10.99956,3700
IDI,2024-03-11 06:52:00,10.99956,10.99956,10.99956,10.99956,26900
IDI,2024-03-11 06:53:00,10.99956,10.99956,10.99956,10.99956,25200
IDI,2024-03-11 06:54:00,10.99956,10.99956,10.9579,10.99956,110500
IDI,2024-03-11 06:55:00,10.99956,10.99956,10.9579,10.99956,47500
IDI,2024-03-11 06:56:00,10.99956,10.99956,10.9579,10.9579,26300
IDI,2024-03-11 06:57:00,10.9579,10.99956,10.9579,10.9579,66700
IDI,2024-03-11 06:58:00,10.9579,10.9579,10.9579,10.9579,25200
IDI,2024-03-11 06:59:00,10.9579,10.9579,10.91623,10.91623,600
IDI,2024-03-11 07:00:00,10.91623,10.9579,10.91623,10.9579,15900
IDI,2024-03-11 07:01:00,10.9579,10.9579,10.9579,10.9579,53500
IDI,2024-03-11 07:02:00,10.9579,10.9579,10.9579,10.9579,700
IDI,2024-03-11 07:03:00,10.9579,10.9579,10.9579,10.9579,10100
IDI,2024-03-11 07:04:00,10.9579,10.99956,10.9579,10.9579,17600
IDI,2024-03-11 07:05:00,10.9579,10.9579,10.9579,10.9579,41500
IDI,2024-03-11 07:06:00,10.9579,10.9579,10.9579,10.9579,13400
IDI,2024-03-11 07:07:00,10.9579,10.99956,10.91623,10.91623,48800
IDI,2024-03-11 07:08:00,10.91623,10.91623,10.91623,10.91623,7500
IDI,2024-03-11 07:09:00,10.91623,10.9579,10.91623,10.91623,5000
IDI,2024-03-11 07:10:00,10.91623,10.91623,10.91623,10.91623,83000
IDI,2024-03-11 07:11:00,10.91623,10.91623,10.87457,10.91623,31800
IDI,2024-03-11 07:12:00,10.91623,10.91623,10.87457,10.91623,6400
IDI,2024-03-11 07:13:00,10.91623,10.91623,10.87457,10.87457,3500
IDI,2024-03-11 07:14:00,10.87457,10.91623,10.8329,10.8329,30000
IDI,2024-03-11 07:15:00,10.8329,10.91623,10.8329,10.87457,63000
IDI,2024-03-11 07:16:00,10.87457,10.87457,10.8329,10.87457,19800
IDI,2024-03-11 07:17:00,10.87457,10.87457,10.8329,10.87457,11000
IDI,2024-03-11 07:18:00,10.87457,10.87457,10.79124,10.8329,70600
IDI,2024-03-11 07:19:00,10.8329,10.8329,10.79124,10.8329,20900
IDI,2024-03-11 07:20:00,10.8329,10.8329,10.79124,10.79124,40900
IDI,2024-03-11 07:21:00,10.79124,10.79124,10.79124,10.79124,56100
IDI,2024-03-11 07:22:00,10.79124,10.79124,10.74957,10.74957,62500
IDI,2024-03-11 07:23:00,10.74957,10.79124,10.74957,10.74957,81500
IDI,2024-03-11 07:24:00,10.74957,10.79124,10.70791,10.74957,69300
IDI,2024-03-11 07:25:00,10.74957,10.79124,10.70791,10.79124,59300
IDI,2024-03-11 07:26:00,10.79124,10.79124,10.74957,10.74957,21900
IDI,2024-03-11 07:27:00,10.74957,10.79124,10.74957,10.79124,40000
IDI,2024-03-11 07:28:00,10.79124,10.8329,10.79124,10.8329,77900
IDI,2024-03-11 07:29:00,10.8329,10.8329,10.79124,10.8329,28200
IDI,2024-03-11 07:30:00,10.8329,10.8329,10.8329,10.8329,2000
IDI,2024-03-11 07:45:00,10.8329,10.8329,10.8329,10.8329,116100
IDI,2024-03-12 02:15:00,10.8329,10.8329,10.8329,10.8329,46900
IDI,2024-03-12 02:16:00,10.8329,10.8329,10.79124,10.79124,23000
IDI,2024-03-12 02:17:00,10.79124,10.79124,10.79124,10.79124,6100
IDI,2024-03-12 02:18:00,10.79124,10.79124,10.74957,10.79124,27200
IDI,2024-03-12 02:19:00,10.79124,10.79124,10.79124,10.79124,15400
IDI,2024-03-12 02:20:00,10.79124,10.79124,10.74957,10.74957,4400
IDI,2024-03-12 02:21:00,10.74957,10.79124,10.74957,10.74957,13400
IDI,2024-03-12 02:22:00,10.74957,10.79124,10.74957,10.79124,9100
IDI,2024-03-12 02:23:00,10.79124,10.79124,10.74957,10.74957,10000
IDI,2024-03-12 02:24:00,10.74957,10.74957,10.74957,10.74957,1000
IDI,2024-03-12 02:25:00,10.74957,10.74957,10.74957,10.74957,26600
IDI,2024-03-12 02:26:00,10.74957,10.74957,10.74957,10.74957,7200
IDI,2024-03-12 02:27:00,10.74957,10.74957,10.74957,10.74957,5000
IDI,2024-03-12 02:28:00,10.74957,10.79124,10.74957,10.79124,35000
IDI,2024-03-12 02:29:00,10.79124,10.79124,10.74957,10.79124,8000
IDI,2024-03-12 02:30:00,10.79124,10.79124,10.74957,10.74957,12700
IDI,2024-03-12 02:31:00,10.74957,10.79124,10.74957,10.74957,800
IDI,2024-03-12 02:32:00,10.74957,10.74957,10.74957,10.74957,2900
IDI,2024-03-12 02:33:00,10.74957,10.74957,10.70791,10.70791,7500
IDI,2024-03-12 02:34:00,10.70791,10.70791,10.70791,10.70791,11900
IDI,2024-03-12 02:35:00,10.70791,10.70791,10.70791,10.70791,2800
IDI,2024-03-12 02:36:00,10.70791,10.70791,10.70791,10.70791,2800
IDI,2024-03-12 02:37:00,10.70791,10.70791,10.70791,10.70791,12600
IDI,2024-03-12 02:39:00,10.70791,10.70791,10.70791,10.70791,1000
IDI,2024-03-12 02:40:00,10.70791,10.74957,10.70791,10.74957,11400
IDI,2024-03-12 02:41:00,10.74957,10.79124,10.74957,10.79124,43800
IDI,2024-03-12 02:42:00,10.79124,10.8329,10.74957,10.8329,45200
IDI,2024-03-12 02:44:00,10.8329,10.8329,10.8329,10.8329,10200
IDI,2024-03-12 02:45:00,10.8329,10.8329,10.8329,10.8329,200
IDI,2024-03-12 02:46:00,10.8329,10.8329,10.8329,10.8329,100
IDI,2024-03-12 02:47:00,10.8329,10.8329,10.8329,10.8329,100
IDI,2024-03-12 02:48:00,10.8329,10.8329,10.79124,10.79124,200
IDI,2024-03-12 02:49:00,10.79124,10.8329,10.79124,10.8329,8300
IDI,2024-03-12 02:50:00,10.8329,10.8329,10.8329,10.8329,900
IDI,2024-03-12 02:51:00,10.8329,10.8329,10.8329,10.8329,1500
IDI,2024-03-12 02:52:00,10.8329,10.8329,10.8329,10.8329,300
IDI,2024-03-12 02:53:00,10.8329,10.8329,10.79124,10.79124,1500
IDI,2024-03-12 02:54:00,10.79124,10.8329,10.79124,10.8329,300
IDI,2024-03-12 02:55:00,10.8329,10.8329,10.79124,10.79124,1000
IDI,2024-03-12 02:56:00,10.79124,10.79124,10.79124,10.79124,20600
IDI,2024-03-12 02:57:00,10.79124,10.79124,10.79124,10.79124,34200
IDI,2024-03-12 02:58:00,10.79124,10.79124,10.79124,10.79124,100
IDI,2024-03-12 02:59:00,10.79124,10.8329,10.79124,10.8329,1300
IDI,2024-03-12 03:00:00,10.8329,10.8329,10.79124,10.79124,3000
IDI,2024-03-12 03:01:00,10.79124,10.79124,10.79124,10.79124,300
IDI,2024-03-12 03:02:00,10.79124,10.79124,10.79124,10.79124,49700
IDI,2024-03-12 03:03:00,10.79124,10.79124,10.74957,10.74957,4800
IDI,2024-03-12 03:04:00,10.74957,10.79124,10.74957,10.79124,400
IDI,2024-03-12 03:05:00,10.79124,10.79124,10.74957,10.79124,28500
IDI,2024-03-12 03:06:00,10.79124,10.79124,10.79124,10.79124,31600
IDI,2024-03-12 03:09:00,10.79124,10.79124,10.79124,10.79124,500
IDI,2024-03-12 03:10:00,10.79124,10.8329,10.79124,10.8329,22500
IDI,2024-03-12 03:11:00,10.8329,10.8329,10.8329,10.8329,2200
IDI,2024-03-12 03:12:00,10.8329,10.8329,10.8329,10.8329,16000
IDI,2024-03-12 03:13:00,10.8329,10.8329,10.8329,10.8329,9900
IDI,2024-03-12 03:14:00,10.8329,10.8329,10.8329,10.8329,15600
IDI,2024-03-12 03:15:00,10.8329,10.8329,10.8329,10.8329,58100
IDI,2024-03-12 03:16:00,10.8329,10.87457,10.8329,10.87457,52200
IDI,2024-03-12 03:17:00,10.87457,10.87457,10.87457,10.87457,2900
IDI,2024-03-12 03:18:00,10.87457,10.87457,10.8329,10.87457,3600
IDI,2024-03-12 03:19:00,10.87457,10.87457,10.87457,10.87457,3200
IDI,2024-03-12 03:20:00,10.87457,10.87457,10.8329,10.8329,400
IDI,2024-03-12 03:21:00,10.8329,10.87457,10.8329,10.87457,8500
IDI,2024-03-12 03:22:00,10.87457,10.87457,10.87457,10.87457,300
IDI,2024-03-12 03:23:00,10.87457,10.87457,10.8329,10.8329,40000
IDI,2024-03-12 03:24:00,10.8329,10.8329,10.8329,10.8329,1000
IDI,2024-03-12 03:26:00,10.8329,10.8329,10.8329,10.8329,13200
IDI,2024-03-12 03:27:00,10.8329,10.8329,10.8329,10.8329,1300
IDI,2024-03-12 03:30:00,10.8329,10.8329,10.79124,10.79124,8500
IDI,2024-03-12 03:31:00,10.79124,10.8329,10.79124,10.8329,400
IDI,2024-03-12 03:33:00,10.8329,10.8329,10.79124,10.79124,18200
IDI,2024-03-12 03:34:00,10.79124,10.8329,10.79124,10.8329,12000
IDI,2024-03-12 03:35:00,10.8329,10.8329,10.8329,10.8329,500
IDI,2024-03-12 03:38:00,10.8329,10.8329,10.79124,10.79124,1400
IDI,2024-03-12 03:41:00,10.79124,10.79124,10.79124,10.79124,5100
IDI,2024-03-12 03:42:00,10.79124,10.79124,10.79124,10.79124,1000
IDI,2024-03-12 03:43:00,10.79124,10.8329,10.79124,10.8329,1400
IDI,2024-03-12 03:44:00,10.8329,10.8329,10.8329,10.8329,2400
IDI,2024-03-12 03:45:00,10.8329,10.8329,10.8329,10.8329,100
IDI,2024-03-12 03:47:00,10.8329,10.8329,10.79124,10.79124,11900
IDI,2024-03-12 03:49:00,10.79124,10.79124,10.79124,10.79124,8500
IDI,2024-03-12 03:50:00,10.79124,10.79124,10.79124,10.79124,500
IDI,2024-03-12 03:51:00,10.79124,10.79124,10.79124,10.79124,200
IDI,2024-03-12 03:52:00,10.79124,10.79124,10.79124,10.79124,2300
IDI,2024-03-12 03:55:00,10.79124,10.79124,10.79124,10.79124,1600
IDI,2024-03-12 03:56:00,10.79124,10.79124,10.79124,10.79124,10400
IDI,2024-03-12 03:57:00,10.79124,10.79124,10.79124,10.79124,3900
IDI,2024-03-12 03:58:00,10.79124,10.79124,10.79124,10.79124,1200
IDI,2024-03-12 04:00:00,10.79124,10.79124,10.79124,10.79124,5400
IDI,2024-03-12 04:01:00,10.79124,10.79124,10.79124,10.79124,7200
IDI,2024-03-12 04:02:00,10.79124,10.79124,10.79124,10.79124,1200
IDI,2024-03-12 04:03:00,10.79124,10.79124,10.79124,10.79124,200
IDI,2024-03-12 04:04:00,10.79124,10.79124,10.74957,10.74957,11500
IDI,2024-03-12 04:05:00,10.74957,10.79124,10.74957,10.79124,8400
IDI,2024-03-12 04:06:00,10.79124,10.79124,10.74957,10.74957,3000
IDI,2024-03-12 04:07:00,10.74957,10.79124,10.74957,10.79124,1000
IDI,2024-03-12 04:08:00,10.79124,10.79124,10.79124,10.79124,800
IDI,2024-03-12 04:09:00,10.79124,10.8329,10.79124,10.8329,27100
IDI,2024-03-12 04:12:00,10.8329,10.8329,10.8329,10.8329,200
IDI,2024-03-12 04:13:00,10.8329,10.8329,10.8329,10.8329,2000
IDI,2024-03-12 04:14:00,10.8329,10.8329,10.8329,10.8329,100
IDI,2024-03-12 04:15:00,10.8329,10.8329,10.8329,10.8329,2300
IDI,2024-03-12 04:17:00,10.8329,10.8329,10.8329,10.8329,3500
IDI,2024-03-12 04:18:00,10.8329,10.8329,10.79124,10.8329,76300
IDI,2024-03-12 04:19:00,10.8329,10.87457,10.8329,10.87457,1200
IDI,2024-03-12 04:20:00,10.87457,10.87457,10.8329,10.8329,20000
IDI,2024-03-12 04:21:00,10.8329,10.87457,10.8329,10.87457,31400
IDI,2024-03-12 04:22:00,10.87457,10.87457,10.8329,10.8329,20200
IDI,2024-03-12 04:23:00,10.8329,10.8329,10.8329,10.8329,400
IDI,2024-03-12 04:24:00,10.8329,10.8329,10.8329,10.8329,16000
IDI,2024-03-12 04:25:00,10.8329,10.8329,10.8329,10.8329,700
IDI,2024-03-12 04:26:00,10.8329,10.87457,10.8329,10.8329,11900
IDI,2024-03-12 04:27:00,10.8329,10.8329,10.8329,10.8329,7000
IDI,2024-03-12 04:28:00,10.8329,10.8329,10.8329,10.8329,20100
IDI,2024-03-12 06:00:00,10.8329,10.8329,10.79124,10.8329,122100
IDI,2024-03-12 06:01:00,10.8329,10.8329,10.8329,10.8329,52500
IDI,2024-03-12 06:02:00,10.8329,10.8329,10.8329,10.8329,7400
IDI,2024-03-12 06:03:00,10.8329,10.8329,10.8329,10.8329,6200
IDI,2024-03-12 06:04:00,10.8329,10.8329,10.8329,10.8329,10000
IDI,2024-03-12 06:05:00,10.8329,10.8329,10.79124,10.79124,10000
IDI,2024-03-12 06:06:00,10.79124,10.8329,10.79124,10.79124,2300
IDI,2024-03-12 06:07:00,10.79124,10.8329,10.79124,10.8329,1100
IDI,2024-03-12 06:08:00,10.8329,10.8329,10.79124,10.79124,200
IDI,2024-03-12 06:09:00,10.79124,10.8329,10.79124,10.79124,10000
IDI,2024-03-12 06:10:00,10.79124,10.8329,10.79124,10.79124,10300
IDI,2024-03-12 06:11:00,10.79124,10.8329,10.79124,10.79124,12200
IDI,2024-03-12 06:12:00,10.79124,10.79124,10.79124,10.79124,100
IDI,2024-03-12 06:13:00,10.79124,10.79124,10.79124,10.79124,300
IDI,2024-03-12 06:14:00,10.79124,10.79124,10.79124,10.79124,6900
IDI,2024-03-12 06:15:00,10.79124,10.79124,10.79124,10.79124,12700
IDI,2024-03-12 06:16:00,10.79124,10.79124,10.79124,10.79124,1100
IDI,2024-03-12 06:17:00,10.79124,10.79124,10.79124,10.79124,3700
IDI,2024-03-12 06:18:00,10.79124,10.79124,10.79124,10.79124,19000
IDI,2024-03-12 06:19:00,10.79124,10.8329,10.79124,10.8329,24400
IDI,2024-03-12 06:20:00,10.8329,10.8329,10.8329,10.8329,500
IDI,2024-03-12 06:21:00,10.8329,10.8329,10.79124,10.79124,21100
IDI,2024-03-12 06:22:00,10.79124,10.79124,10.79124,10.79124,500
IDI,2024-03-12 06:23:00,10.79124,10.8329,10.79124,10.8329,22000
IDI,2024-03-12 06:24:00,10.8329,10.8329,10.8329,10.8329,195000
IDI,2024-03-12 06:25:00,10.8329,10.8329,10.8329,10.8329,2100
IDI,2024-03-12 06:26:00,10.8329,10.8329,10.8329,10.8329,27500
IDI,2024-03-12 06:27:00,10.8329,10.8329,10.8329,10.8329,20800
IDI,2024-03-12 06:28:00,10.8329,10.8329,10.8329,10.8329,23000
IDI,2024-03-12 06:29:00,10.8329,10.8329,10.8329,10.8329,2400
IDI,2024-03-12 06:30:00,10.8329,10.8329,10.79124,10.79124,65200
IDI,2024-03-12 06:31:00,10.79124,10.79124,10.79124,10.79124,2800
IDI,2024-03-12 06:32:00,10.79124,10.79124,10.74957,10.74957,3000
IDI,2024-03-12 06:33:00,10.74957,10.79124,10.74957,10.79124,1900
IDI,2024-03-12 06:34:00,10.79124,10.79124,10.79124,10.79124,200
IDI,2024-03-12 06:35:00,10.79124,10.79124,10.79124,10.79124,9600
IDI,2024-03-12 06:36:00,10.79124,10.79124,10.79124,10.79124,12300
IDI,2024-03-12 06:37:00,10.79124,10.79124,10.74957,10.79124,11700
IDI,2024-03-12 06:39:00,10.79124,10.79124,10.79124,10.79124,2000
IDI,2024-03-12 06:40:00,10.79124,10.79124,10.79124,10.79124,12300
IDI,2024-03-12 06:41:00,10.79124,10.79124,10.79124,10.79124,1900
IDI,2024-03-12 06:43:00,10.79124,10.79124,10.79124,10.79124,1000
IDI,2024-03-12 06:45:00,10.79124,10.79124,10.74957,10.74957,700
IDI,2024-03-12 06:46:00,10.74957,10.74957,10.74957,10.74957,20000
IDI,2024-03-12 06:47:00,10.74957,10.74957,10.74957,10.74957,2500
IDI,2024-03-12 06:48:00,10.74957,10.79124,10.74957,10.74957,1000
IDI,2024-03-12 06:49:00,10.74957,10.74957,10.74957,10.74957,197500
IDI,2024-03-12 06:50:00,10.74957,10.74957,10.74957,10.74957,16700
IDI,2024-03-12 06:51:00,10.74957,10.74957,10.70791,10.70791,173300
IDI,2024-03-12 06:52:00,10.70791,10.70791,10.70791,10.70791,9000
IDI,2024-03-12 06:53:00,10.70791,10.74957,10.70791,10.70791,20800
IDI,2024-03-12 06:54:00,10.70791,10.74957,10.70791,10.70791,7700
IDI,2024-03-12 06:55:00,10.70791,10.70791,10.70791,10.70791,2400
IDI,2024-03-12 06:56:00,10.70791,10.70791,10.70791,10.70791,6300
IDI,2024-03-12 06:57:00,10.70791,10.70791,10.70791,10.70791,2500
IDI,2024-03-12 06:58:00,10.70791,10.70791,10.70791,10.70791,8500
IDI,2024-03-12 06:59:00,10.70791,10.70791,10.66624,10.66624,302500
IDI,2024-03-12 07:00:00,10.66624,10.70791,10.66624,10.70791,72000
IDI,2024-03-12 07:01:00,10.70791,10.70791,10.66624,10.70791,36200
IDI,2024-03-12 07:02:00,10.70791,10.74957,10.70791,10.74957,26200
IDI,2024-03-12 07:03:00,10.74957,10.74957,10.74957,10.74957,100
IDI,2024-03-12 07:05:00,10.74957,10.79124,10.74957,10.79124,500
IDI,2024-03-12 07:07:00,10.79124,10.79124,10.79124,10.79124,1300
IDI,2024-03-12 07:09:00,10.79124,10.79124,10.79124,10.79124,1700
IDI,2024-03-12 07:10:00,10.79124,10.79124,10.74957,10.74957,13600
IDI,2024-03-12 07:12:00,10.74957,10.79124,10.74957,10.74957,2200
IDI,2024-03-12 07:13:00,10.74957,10.74957,10.74957,10.74957,14500
IDI,2024-03-12 07:14:00,10.74957,10.79124,10.74957,10.74957,7300
IDI,2024-03-12 07:15:00,10.74957,10.74957,10.66624,10.70791,253100
IDI,2024-03-12 07:16:00,10.70791,10.74957,10.70791,10.74957,100
IDI,2024-03-12 07:17:00,10.74957,10.74957,10.74957,10.74957,300
IDI,2024-03-12 07:18:00,10.74957,10.74957,10.74957,10.74957,100
IDI,2024-03-12 07:19:00,10.74957,10.74957,10.70791,10.70791,3600
IDI,2024-03-12 07:20:00,10.70791,10.70791,10.70791,10.70791,50000
IDI,2024-03-12 07:21:00,10.70791,10.70791,10.70791,10.70791,10100
IDI,2024-03-12 07:22:00,10.70791,10.70791,10.70791,10.70791,45700
IDI,2024-03-12 07:23:00,10.70791,10.70791,10.70791,10.70791,8700
IDI,2024-03-12 07:24:00,10.70791,10.70791,10.66624,10.66624,105000
IDI,2024-03-12 07:25:00,10.66624,10.66624,10.66624,10.66624,2000
IDI,2024-03-12 07:26:00,10.66624,10.66624,10.66624,10.66624,18800
IDI,2024-03-12 07:27:00,10.66624,10.66624,10.66624,10.66624,52500
IDI,2024-03-12 07:28:00,10.66624,10.66624,10.66624,10.66624,3100
IDI,2024-03-12 07:29:00,10.66624,10.70791,10.58291,10.58291,422200
IDI,2024-03-12 07:45:00,10.70791,10.70791,10.70791,10.70791,94000
IDI,2024-03-13 02:15:00,10.70791,10.74957,10.70791,10.74957,50900
IDI,2024-03-13 02:16:00,10.74957,10.74957,10.74957,10.74957,5100
IDI,2024-03-13 02:17:00,10.74957,10.74957,10.74957,10.74957,1100
IDI,2024-03-13 02:18:00,10.74957,10.74957,10.74957,10.74957,14800
IDI,2024-03-13 02:19:00,10.74957,10.74957,10.74957,10.74957,4500
IDI,2024-03-13 02:22:00,10.74957,10.74957,10.74957,10.74957,1100
IDI,2024-03-13 02:23:00,10.74957,10.74957,10.70791,10.70791,700
IDI,2024-03-13 02:24:00,10.70791,10.70791,10.70791,10.70791,6100
IDI,2024-03-13 02:25:00,10.70791,10.70791,10.70791,10.70791,100
IDI,2024-03-13 02:26:00,10.70791,10.70791,10.70791,10.70791,1500
IDI,2024-03-13 02:27:00,10.70791,10.70791,10.70791,10.70791,1100
IDI,2024-03-13 02:28:00,10.70791,10.70791,10.70791,10.70791,3100
IDI,2024-03-13 02:29:00,10.70791,10.70791,10.70791,10.70791,1000
IDI,2024-03-13 02:30:00,10.70791,10.74957,10.70791,10.74957,800
IDI,2024-03-13 02:32:00,10.74957,10.74957,10.74957,10.74957,600
IDI,2024-03-13 02:33:00,10.74957,10.74957,10.74957,10.74957,7400
IDI,2024-03-13 02:34:00,10.74957,10.74957,10.74957,10.74957,12500
IDI,2024-03-13 02:35:00,10.74957,10.74957,10.70791,10.70791,65100
IDI,2024-03-13 02:36:00,10.70791,10.74957,10.70791,10.70791,500
IDI,2024-03-13 02:37:00,10.70791,10.70791,10.70791,10.70791,24700
IDI,2024-03-13 02:38:00,10.70791,10.74957,10.70791,10.74957,26200
IDI,2024-03-13 02:39:00,10.74957,10.74957,10.74957,10.74957,5500
IDI,2024-03-13 02:40:00,10.74957,10.74957,10.74957,10.74957,1100
IDI,2024-03-13 02:41:00,10.74957,10.74957,10.74957,10.74957,100
IDI,2024-03-13 02:42:00,10.74957,10.74957,10.70791,10.70791,7000
IDI,2024-03-13 02:43:00,10.70791,10.74957,10.70791,10.74957,2900
IDI,2024-03-13 02:44:00,10.74957,10.74957,10.74957,10.74957,100
IDI,2024-03-13 02:45:00,10.74957,10.74957,10.74957,10.74957,200
IDI,2024-03-13 02:47:00,10.74957,10.74957,10.74957,10.74957,32000
IDI,2024-03-13 02:48:00,10.74957,10.74957,10.74957,10.74957,1000
IDI,2024-03-13 02:49:00,10.74957,10.74957,10.74957,10.74957,10000
IDI,2024-03-13 02:50:00,10.74957,10.79124,10.74957,10.79124,6000
IDI,2024-03-13 02:51:00,10.79124,10.79124,10.74957,10.74957,6200
IDI,2024-03-13 02:52:00,10.74957,10.79124,10.74957,10.79124,5100
IDI,2024-03-13 02:53:00,10.79124,10.79124,10.74957,10.74957,3200
IDI,2024-03-13 02:54:00,10.74957,10.79124,10.74957,10.79124,2000
IDI,2024-03-13 02:55:00,10.79124,10.79124,10.79124,10.79124,3900
IDI,2024-03-13 02:56:00,10.79124,10.79124,10.79124,10.79124,21300
IDI,2024-03-13 02:57:00,10.79124,10.79124,10.79124,10.79124,33700
IDI,2024-03-13 02:58:00,10.79124,10.79124,10.74957,10.79124,27100
IDI,2024-03-13 02:59:00,10.79124,10.79124,10.79124,10.79124,4000
IDI,2024-03-13 03:00:00,10.79124,10.79124,10.79124,10.79124,3000
IDI,2024-03-13 03:01:00,10.79124,10.79124,10.79124,10.79124,9700
IDI,2024-03-13 03:02:00,10.79124,10.79124,10.74957,10.74957,600
IDI,2024-03-13 03:03:00,10.74957,10.79124,10.74957,10.79124,6300
IDI,2024-03-13 03:04:00,10.79124,10.79124,10.79124,10.79124,73900
IDI,2024-03-13 03:05:00,10.79124,10.79124,10.79124,10.79124,12000
IDI,2024-03-13 03:06:00,10.79124,10.79124,10.79124,10.79124,3800
IDI,2024-03-13 03:07:00,10.79124,10.79124,10.79124,10.79124,2200
IDI,2024-03-13 03:08:00,10.79124,10.79124,10.79124,10.79124,5200
IDI,2024-03-13 03:09:00,10.79124,10.8329,10.79124,10.79124,300
IDI,2024-03-13 03:10:00,10.79124,10.79124,10.79124,10.79124,3500
IDI,2024-03-13 03:11:00,10.79124,10.79124,10.79124,10.79124,14000
IDI,2024-03-13 03:12:00,10.79124,10.79124,10.79124,10.79124,14200
IDI,2024-03-13 03:13:00,10.79124,10.8329,10.79124,10.8329,23700
IDI,2024-03-13 03:14:00,10.8329,10.87457,10.8329,10.87457,200800
IDI,2024-03-13 03:15:00,10.87457,10.91623,10.87457,10.91623,60500
IDI,2024-03-13 03:16:00,10.91623,10.99956,10.91623,10.99956,95800
IDI,2024-03-13 03:17:00,10.99956,10.99956,10.9579,10.99956,18500
IDI,2024-03-13 03:18:00,10.99956,11.04123,10.99956,11.04123,101800
IDI,2024-03-13 03:19:00,11.04123,11.04123,10.99956,10.99956,123400
IDI,2024-03-13 03:20:00,10.99956,10.99956,10.99956,10.99956,47900
IDI,2024-03-13 03:21:00,10.99956,10.99956,10.99956,10.99956,21800
IDI,2024-03-13 03:22:00,10.99956,10.99956,10.99956,10.99956,35100
IDI,2024-03-13 03:23:00,10.99956,10.99956,10.9579,10.9579,125500
IDI,2024-03-13 03:24:00,10.9579,10.9579,10.9579,10.9579,2100
IDI,2024-03-13 03:25:00,10.9579,10.9579,10.91623,10.91623,17600
IDI,2024-03-13 03:26:00,10.91623,10.9579,10.91623,10.9579,4700
IDI,2024-03-13 03:27:00,10.9579,10.9579,10.91623,10.91623,131200
IDI,2024-03-13 03:28:00,10.91623,10.91623,10.87457,10.87457,41400
IDI,2024-03-13 03:29:00,10.87457,10.91623,10.87457,10.87457,6100
IDI,2024-03-13 03:30:00,10.87457,10.91623,10.87457,10.91623,29500
IDI,2024-03-13 03:31:00,10.91623,10.91623,10.91623,10.91623,108500
IDI,2024-03-13 03:32:00,10.91623,10.9579,10.91623,10.91623,14900
IDI,2024-03-13 03:33:00,10.91623,10.91623,10.91623,10.91623,2900
IDI,2024-03-13 03:34:00,10.91623,10.91623,10.91623,10.91623,500
IDI,2024-03-13 03:35:00,10.91623,10.9579,10.91623,10.9579,3800
IDI,2024-03-13 03:36:00,10.9579,10.9579,10.91623,10.9579,86200
IDI,2024-03-13 03:37:00,10.9579,10.99956,10.9579,10.99956,149500
IDI,2024-03-13 03:38:00,10.99956,11.08289,10.99956,11.08289,130700
IDI,2024-03-13 03:39:00,11.08289,11.16622,11.08289,11.12456,166900
IDI,2024-03-13 03:40:00,11.12456,11.16622,11.08289,11.16622,68600
IDI,2024-03-13 03:41:00,11.16622,11.16622,11.12456,11.16622,25100
IDI,2024-03-13 03:42:00,11.16622,11.16622,11.12456,11.16622,6200
IDI,2024-03-13 03:43:00,11.16622,11.16622,11.12456,11.16622,3700
IDI,2024-03-13 03:44:00,11.16622,11.16622,11.12456,11.12456,39800
IDI,2024-03-13 03:45:00,11.12456,11.12456,11.08289,11.12456,21200
IDI,2024-03-13 03:46:00,11.12456,11.12456,11.08289,11.12456,14700
IDI,2024-03-13 03:47:00,11.12456,11.12456,11.04123,11.04123,69700
IDI,2024-03-13 03:48:00,11.04123,11.08289,11.04123,11.08289,14100
IDI,2024-03-13 03:49:00,11.08289,11.08289,11.08289,11.08289,1800
IDI,2024-03-13 03:50:00,11.08289,11.08289,11.04123,11.04123,60800
IDI,2024-03-13 03:51:00,11.04123,11.08289,11.04123,11.08289,12800
IDI,2024-03-13 03:52:00,11.08289,11.08289,11.08289,11.08289,9000
IDI,2024-03-13 03:53:00,11.08289,11.08289,11.04123,11.08289,3300
IDI,2024-03-13 03:54:00,11.08289,11.08289,11.04123,11.04123,6400
IDI,2024-03-13 03:55:00,11.04123,11.04123,11.04123,11.04123,9000
IDI,2024-03-13 03:56:00,11.04123,11.08289,11.04123,11.08289,6000
IDI,2024-03-13 03:57:00,11.08289,11.08289,11.04123,11.04123,65400
IDI,2024-03-13 03:58:00,11.04123,11.04123,10.99956,10.99956,300
IDI,2024-03-13 03:59:00,10.99956,11.04123,10.99956,10.99956,5100
IDI,2024-03-13 04:00:00,10.99956,11.04123,10.99956,10.99956,1200
IDI,2024-03-13 04:01:00,10.99956,10.99956,10.99956,10.99956,103500
IDI,2024-03-13 04:02:00,10.99956,10.99956,10.99956,10.99956,24300
IDI,2024-03-13 04:03:00,10.99956,10.99956,10.99956,10.99956,200
IDI,2024-03-13 04:04:00,10.99956,10.99956,10.99956,10.99956,100
IDI,2024-03-13 04:05:00,10.99956,10.99956,10.9579,10.9579,7500
IDI,2024-03-13 04:06:00,10.9579,10.9579,10.9579,10.9579,100
IDI,2024-03-13 04:09:00,10.9579,10.99956,10.9579,10.99956,5000
IDI,2024-03-13 04:10:00,10.99956,10.99956,10.99956,10.99956,10000
IDI,2024-03-13 04:11:00,10.99956,10.99956,10.99956,10.99956,5300
IDI,2024-03-13 04:12:00,10.99956,10.99956,10.99956,10.99956,14300
IDI,2024-03-13 04:14:00,10.99956,11.04123,10.99956,11.04123,1300
IDI,2024-03-13 04:15:00,11.04123,11.04123,10.99956,10.99956,7000
IDI,2024-03-13 04:17:00,10.99956,10.99956,10.99956,10.99956,300
IDI,2024-03-13 04:18:00,10.99956,11.04123,10.99956,11.04123,200
IDI,2024-03-13 04:19:00,11.04123,11.04123,10.99956,10.99956,27800
IDI,2024-03-13 04:20:00,10.99956,11.04123,10.99956,11.04123,1100
IDI,2024-03-13 04:22:00,11.04123,11.04123,10.99956,10.99956,4000
IDI,2024-03-13 04:24:00,10.99956,10.99956,10.99956,10.99956,2000
IDI,2024-03-13 04:25:00,10.99956,10.99956,10.99956,10.99956,30000
IDI,2024-03-13 04:26:00,10.99956,11.04123,10.99956,11.04123,8000
IDI,2024-03-13 04:27:00,11.04123,11.04123,11.04123,11.04123,21100
IDI,2024-03-13 04:28:00,11.04123,11.04123,10.99956,10.99956,2100
IDI,2024-03-13 04:29:00,10.99956,11.04123,10.99956,10.99956,11200
IDI,2024-03-13 06:00:00,10.99956,11.04123,10.9579,10.99956,75000
IDI,2024-03-13 06:01:00,10.99956,10.99956,10.9579,10.9579,6200
IDI,2024-03-13 06:02:00,10.9579,10.99956,10.9579,10.9579,3600
IDI,2024-03-13 06:03:00,10.9579,10.9579,10.9579,10.9579,2800
IDI,2024-03-13 06:04:00,10.9579,10.9579,10.9579,10.9579,6100
IDI,2024-03-13 06:05:00,10.9579,10.9579,10.91623,10.91623,253400
IDI,2024-03-13 06:06:00,10.91623,10.91623,10.87457,10.91623,2500
IDI,2024-03-13 06:07:00,10.91623,10.91623,10.87457,10.91623,11600
IDI,2024-03-13 06:08:00,10.91623,10.9579,10.91623,10.9579,62700
IDI,2024-03-13 06:09:00,10.9579,10.9579,10.91623,10.91623,14400
IDI,2024-03-13 06:10:00,10.91623,10.9579,10.91623,10.91623,34500
IDI,2024-03-13 06:11:00,10.91623,10.9579,10.91623,10.9579,2100
IDI,2024-03-13 06:12:00,10.9579,10.9579,10.91623,10.91623,32300
IDI,2024-03-13 06:13:00,10.91623,10.91623,10.91623,10.91623,34800
IDI,2024-03-13 06:14:00,10.91623,10.91623,10.91623,10.91623,6700
IDI,2024-03-13 06:15:00,10.91623,10.91623,10.91623,10.91623,6600
IDI,2024-03-13 06:16:00,10.91623,10.91623,10.91623,10.91623,1300
IDI,2024-03-13 06:17:00,10.91623,10.91623,10.91623,10.91623,900
IDI,2024-03-13 06:18:00,10.91623,10.91623,10.91623,10.91623,3500
IDI,2024-03-13 06:19:00,10.91623,10.91623,10.87457,10.87457,2300
IDI,2024-03-13 06:20:00,10.87457,10.87457,10.87457,10.87457,200
IDI,2024-03-13 06:21:00,10.87457,10.91623,10.87457,10.87457,35000
IDI,2024-03-13 06:22:00,10.87457,10.91623,10.87457,10.91623,5000
IDI,2024-03-13 06:23:00,10.91623,10.91623,10.91623,10.91623,7000
IDI,2024-03-13 06:24:00,10.91623,10.91623,10.87457,10.91623,26100
IDI,2024-03-13 06:26:00,10.91623,10.91623,10.87457,10.87457,50700
IDI,2024-03-13 06:27:00,10.87457,10.91623,10.87457,10.91623,17000
IDI,2024-03-13 06:28:00,10.91623,10.91623,10.91623,10.91623,400
IDI,2024-03-13 06:29:00,10.91623,10.91623,10.87457,10.87457,22100
IDI,2024-03-13 06:30:00,10.87457,10.91623,10.87457,10.87457,6300
IDI,2024-03-13 06:31:00,10.87457,10.91623,10.87457,10.91623,14900
IDI,2024-03-13 06:32:00,10.91623,10.91623,10.87457,10.91623,47600
IDI,2024-03-13 06:33:00,10.91623,10.9579,10.91623,10.9579,26100
IDI,2024-03-13 06:35:00,10.9579,10.9579,10.91623,10.91623,40100
IDI,2024-03-13 06:36:00,10.91623,10.9579,10.91623,10.91623,30300
IDI,2024-03-13 06:37:00,10.91623,10.91623,10.91623,10.91623,21000
IDI,2024-03-13 06:38:00,10.91623,10.91623,10.87457,10.87457,68400
IDI,2024-03-13 06:39:00,10.87457,10.91623,10.87457,10.91623,12100
IDI,2024-03-13 06:40:00,10.91623,10.9579,10.91623,10.9579,17600
IDI,2024-03-13 06:41:00,10.9579,10.9579,10.91623,10.9579,66200
IDI,2024-03-13 06:42:00,10.9579,10.9579,10.91623,10.91623,3500
IDI,2024-03-13 06:43:00,10.91623,10.9579,10.87457,10.91623,38900
IDI,2024-03-13 06:44:00,10.91623,10.91623,10.91623,10.91623,4500
IDI,2024-03-13 06:45:00,10.91623,10.91623,10.87457,10.87457,6100
IDI,2024-03-13 06:46:00,10.87457,10.91623,10.87457,10.91623,13200
IDI,2024-03-13 06:47:00,10.91623,10.91623,10.91623,10.91623,2600
IDI,2024-03-13 06:48:00,10.91623,10.9579,10.91623,10.91623,5300
IDI,2024-03-13 06:49:00,10.91623,10.9579,10.91623,10.9579,6500
IDI,2024-03-13 06:50:00,10.9579,10.9579,10.91623,10.9579,1100
IDI,2024-03-13 06:51:00,10.9579,10.9579,10.9579,10.9579,1000
IDI,2024-03-13 06:52:00,10.9579,10.9579,10.91623,10.91623,100
IDI,2024-03-13 06:53:00,10.91623,10.9579,10.91623,10.9579,1200
IDI,2024-03-13 06:54:00,10.9579,10.9579,10.91623,10.91623,1500
IDI,2024-03-13 06:55:00,10.91623,10.9579,10.91623,10.9579,3500
IDI,2024-03-13 06:56:00,10.9579,10.9579,10.91623,10.91623,500
IDI,2024-03-13 06:57:00,10.91623,10.9579,10.91623,10.9579,3400
IDI,2024-03-13 06:58:00,10.9579,10.9579,10.9579,10.9579,2000
IDI,2024-03-13 06:59:00,10.9579,10.9579,10.91623,10.9579,12700
IDI,2024-03-13 07:00:00,10.9579,10.9579,10.91623,10.91623,30900
IDI,2024-03-13 07:01:00,10.91623,10.9579,10.91623,10.91623,35100
IDI,2024-03-13 07:02:00,10.91623,10.9579,10.91623,10.9579,5100
IDI,2024-03-13 07:03:00,10.9579,10.9579,10.91623,10.91623,1000
IDI,2024-03-13 07:04:00,10.91623,10.9579,10.91623,10.9579,19300
IDI,2024-03-13 07:05:00,10.9579,10.99956,10.9579,10.9579,63400
IDI,2024-03-13 07:06:00,10.9579,10.9579,10.9579,10.9579,15500
IDI,2024-03-13 07:07:00,10.9579,10.99956,10.9579,10.9579,6400
IDI,2024-03-13 07:08:00,10.9579,10.99956,10.9579,10.9579,800
IDI,2024-03-13 07:09:00,10.9579,10.99956,10.9579,10.9579,8000
IDI,2024-03-13 07:10:00,10.9579,10.99956,10.91623,10.91623,101700
IDI,2024-03-13 07:11:00,10.91623,10.9579,10.91623,10.91623,6500
IDI,2024-03-13 07:12:00,10.91623,10.9579,10.91623,10.91623,4000
IDI,2024-03-13 07:13:00,10.91623,10.9579,10.91623,10.9579,31500
IDI,2024-03-13 07:14:00,10.9579,10.9579,10.9579,10.9579,100
IDI,2024-03-13 07:15:00,10.9579,10.99956,10.9579,10.9579,64700
IDI,2024-03-13 07:16:00,10.9579,10.9579,10.9579,10.9579,9100
IDI,2024-03-13 07:17:00,10.9579,10.9579,10.9579,10.9579,6200
IDI,2024-03-13 07:18:00,10.9579,10.9579,10.9579,10.9579,6000
IDI,2024-03-13 07:19:00,10.9579,10.9579,10.9579,10.9579,52900
IDI,2024-03-13 07:20:00,10.9579,10.9579,10.9579,10.9579,25200
IDI,2024-03-13 07:21:00,10.9579,10.99956,10.9579,10.99956,19600
IDI,2024-03-13 07:22:00,10.99956,10.99956,10.9579,10.9579,2100
IDI,2024-03-13 07:23:00,10.9579,10.9579,10.9579,10.9579,300
IDI,2024-03-13 07:24:00,10.9579,10.99956,10.9579,10.99956,200
IDI,2024-03-13 07:25:00,10.99956,10.99956,10.9579,10.9579,16600
IDI,2024-03-13 07:26:00,10.9579,10.99956,10.9579,10.9579,22300
IDI,2024-03-13 07:27:00,10.9579,10.99956,10.9579,10.9579,28100
IDI,2024-03-13 07:28:00,10.9579,10.99956,10.9579,10.99956,169000
IDI,2024-03-13 07:29:00,10.99956,10.99956,10.9579,10.99956,120400
IDI,2024-03-13 07:45:00,11.04123,11.04123,11.04123,11.04123,233600
IDI,2024-03-14 02:15:00,11.08289,11.08289,11.04123,11.04123,56000
IDI,2024-03-14 02:16:00,11.04123,11.04123,10.99956,11.04123,10500
IDI,2024-03-14 02:17:00,11.04123,11.04123,10.99956,10.99956,30700
IDI,2024-03-14 02:18:00,10.99956,10.99956,10.9579,10.9579,12900
IDI,2024-03-14 02:19:00,10.9579,10.99956,10.9579,10.9579,34700
IDI,2024-03-14 02:20:00,10.9579,10.9579,10.9579,10.9579,12300
IDI,2024-03-14 02:22:00,10.9579,10.99956,10.9579,10.99956,12400
IDI,2024-03-14 02:23:00,10.99956,10.99956,10.9579,10.99956,11700
IDI,2024-03-14 02:24:00,10.99956,10.99956,10.99956,10.99956,8100
IDI,2024-03-14 02:25:00,10.99956,10.99956,10.99956,10.99956,1500
IDI,2024-03-14 02:26:00,10.99956,10.99956,10.99956,10.99956,21800
IDI,2024-03-14 02:27:00,10.99956,10.99956,10.9579,10.9579,22100
IDI,2024-03-14 02:28:00,10.9579,10.99956,10.9579,10.99956,1000
IDI,2024-03-14 02:29:00,10.99956,10.99956,10.99956,10.99956,10300
IDI,2024-03-14 02:30:00,10.99956,10.99956,10.99956,10.99956,500
IDI,2024-03-14 02:31:00,10.99956,11.04123,10.99956,10.99956,23500
IDI,2024-03-14 02:32:00,10.99956,10.99956,10.99956,10.99956,1200
IDI,2024-03-14 02:33:00,10.99956,11.04123,10.99956,11.04123,500
IDI,2024-03-14 02:34:00,11.04123,11.04123,11.04123,11.04123,7900
IDI,2024-03-14 02:35:00,11.04123,11.04123,10.99956,10.99956,50400
IDI,2024-03-14 02:36:00,10.99956,10.99956,10.99956,10.99956,2200
IDI,2024-03-14 02:37:00,10.99956,10.99956,10.9579,10.99956,1600
IDI,2024-03-14 02:38:00,10.99956,10.99956,10.9579,10.9579,7300
IDI,2024-03-14 02:39:00,10.9579,10.99956,10.9579,10.9579,3300
IDI,2024-03-14 02:40:00,10.9579,10.99956,10.9579,10.99956,6300
IDI,2024-03-14 02:41:00,10.99956,10.99956,10.99956,10.99956,200
IDI,2024-03-14 02:42:00,10.99956,10.99956,10.9579,10.9579,7900
IDI,2024-03-14 02:43:00,10.9579,10.9579,10.9579,10.9579,3300
IDI,2024-03-14 02:44:00,10.9579,10.9579,10.9579,10.9579,6500
IDI,2024-03-14 02:45:00,10.9579,10.9579,10.9579,10.9579,8400
IDI,2024-03-14 02:46:00,10.9579,10.9579,10.9579,10.9579,3300
IDI,2024-03-14 02:47:00,10.9579,10.99956,10.9579,10.9579,3700
IDI,2024-03-14 02:48:00,10.9579,10.99956,10.9579,10.99956,39900
IDI,2024-03-14 02:49:00,10.99956,10.99956,10.9579,10.9579,32000
IDI,2024-03-14 02:50:00,10.9579,10.9579,10.9579,10.9579,18700
IDI,2024-03-14 02:51:00,10.9579,10.9579,10.91623,10.9579,700
IDI,2024-03-14 02:52:00,10.9579,10.9579,10.91623,10.91623,9700
IDI,2024-03-14 02:53:00,10.91623,10.9579,10.91623,10.9579,3700
IDI,2024-03-14 02:54:00,10.9579,10.9579,10.9579,10.9579,5000
IDI,2024-03-14 02:55:00,10.9579,10.9579,10.91623,10.9579,48900
IDI,2024-03-14 02:56:00,10.9579,10.9579,10.9579,10.9579,1800
IDI,2024-03-14 02:57:00,10.9579,10.99956,10.9579,10.9579,6400
IDI,2024-03-14 02:58:00,10.9579,10.99956,10.9579,10.99956,3000
IDI,2024-03-14 02:59:00,10.99956,10.99956,10.9579,10.99956,36100
IDI,2024-03-14 03:00:00,10.99956,10.99956,10.99956,10.99956,900
IDI,2024-03-14 03:01:00,10.99956,11.04123,10.99956,10.99956,27100
IDI,2024-03-14 03:02:00,10.99956,10.99956,10.99956,10.99956,600
IDI,2024-03-14 03:03:00,10.99956,10.99956,10.99956,10.99956,2300
IDI,2024-03-14 03:04:00,10.99956,10.99956,10.9579,10.9579,57000
IDI,2024-03-14 03:05:00,10.9579,10.9579,10.9579,10.9579,2100
IDI,2024-03-14 03:06:00,10.9579,10.9579,10.91623,10.91623,1600
IDI,2024-03-14 03:07:00,10.91623,10.91623,10.91623,10.91623,23700
IDI,2024-03-14 03:08:00,10.91623,10.91623,10.91623,10.91623,1600
IDI,2024-03-14 03:09:00,10.91623,10.91623,10.91623,10.91623,15300
IDI,2024-03-14 03:10:00,10.91623,10.9579,10.91623,10.9579,11300
IDI,2024-03-14 03:11:00,10.9579,10.9579,10.9579,10.9579,1000
IDI,2024-03-14 03:12:00,10.9579,10.9579,10.91623,10.9579,12100
IDI,2024-03-14 03:13:00,10.9579,10.9579,10.91623,10.9579,29000
IDI,2024-03-14 03:14:00,10.9579,10.9579,10.9579,10.9579,9400
IDI,2024-03-14 03:15:00,10.9579,10.9579,10.9579,10.9579,3200
IDI,2024-03-14 03:16:00,10.9579,10.9579,10.9579,10.9579,6000
IDI,2024-03-14 03:17:00,10.9579,10.9579,10.9579,10.9579,100
IDI,2024-03-14 03:18:00,10.9579,10.9579,10.9579,10.9579,700
IDI,2024-03-14 03:19:00,10.9579,10.9579,10.9579,10.9579,2000
IDI,2024-03-14 03:20:00,10.9579,10.9579,10.9579,10.9579,2000
IDI,2024-03-14 03:21:00,10.9579,10.9579,10.9579,10.9579,12000
IDI,2024-03-14 03:22:00,10.9579,10.9579,10.9579,10.9579,8100
IDI,2024-03-14 03:23:00,10.9579,10.9579,10.9579,10.9579,8000
IDI,2024-03-14 03:24:00,10.9579,10.9579,10.9579,10.9579,1200
IDI,2024-03-14 03:25:00,10.9579,10.9579,10.9579,10.9579,4200
IDI,2024-03-14 03:26:00,10.9579,10.99956,10.9579,10.99956,3100
IDI,2024-03-14 03:27:00,10.99956,10.99956,10.9579,10.9579,6200
IDI,2024-03-14 03:28:00,10.9579,10.99956,10.9579,10.9579,3800
IDI,2024-03-14 03:30:00,10.9579,10.9579,10.9579,10.9579,43000
IDI,2024-03-14 03:31:00,10.9579,10.99956,10.9579,10.99956,2000
IDI,2024-03-14 03:32:00,10.99956,10.99956,10.99956,10.99956,10100
IDI,2024-03-14 03:33:00,10.99956,10.99956,10.9579,10.9579,21200
IDI,2024-03-14 03:34:00,10.9579,10.9579,10.9579,10.9579,500
IDI,2024-03-14 03:35:00,10.9579,10.9579,10.9579,10.9579,400
IDI,2024-03-14 03:36:00,10.9579,10.9579,10.9579,10.9579,2000
IDI,2024-03-14 03:37:00,10.9579,10.9579,10.9579,10.9579,1500
IDI,2024-03-14 03:38:00,10.9579,10.9579,10.9579,10.9579,56200
IDI,2024-03-14 03:39:00,10.9579,10.9579,10.9579,10.9579,41400
IDI,2024-03-14 03:40:00,10.9579,10.9579,10.9579,10.9579,16900
IDI,2024-03-14 03:41:00,10.9579,10.9579,10.9579,10.9579,300
IDI,2024-03-14 03:42:00,10.9579,10.9579,10.9579,10.9579,34900
IDI,2024-03-14 03:43:00,10.9579,10.9579,10.9579,10.9579,300
IDI,2024-03-14 03:44:00,10.9579,10.9579,10.9579,10.9579,400
IDI,2024-03-14 03:45:00,10.9579,10.9579,10.91623,10.91623,2000
IDI,2024-03-14 03:46:00,10.91623,10.91623,10.91623,10.91623,5000
IDI,2024-03-14 03:47:00,10.91623,10.9579,10.91623,10.9579,3500
IDI,2024-03-14 03:48:00,10.9579,10.9579,10.9579,10.9579,1000
IDI,2024-03-14 03:49:00,10.9579,10.9579,10.9579,10.9579,100
IDI,2024-03-14 03:50:00,10.9579,10.9579,10.91623,10.91623,224900
IDI,2024-03-14 03:51:00,10.91623,10.91623,10.91623,10.91623,14300
IDI,2024-03-14 03:52:00,10.91623,10.91623,10.91623,10.91623,300
IDI,2024-03-14 03:53:00,10.91623,10.91623,10.91623,10.91623,100
IDI,2024-03-14 03:54:00,10.91623,10.91623,10.87457,10.91623,18800
IDI,2024-03-14 03:55:00,10.91623,10.91623,10.91623,10.91623,6700
IDI,2024-03-14 03:56:00,10.91623,10.91623,10.91623,10.91623,4000
IDI,2024-03-14 03:57:00,10.91623,10.91623,10.87457,10.91623,7200
IDI,2024-03-14 03:58:00,10.91623,10.91623,10.91623,10.91623,1300
IDI,2024-03-14 03:59:00,10.91623,10.91623,10.91623,10.91623,1200
IDI,2024-03-14 04:00:00,10.91623,10.91623,10.91623,10.91623,1500
IDI,2024-03-14 04:01:00,10.91623,10.91623,10.87457,10.87457,8300
IDI,2024-03-14 04:02:00,10.87457,10.91623,10.87457,10.91623,100
IDI,2024-03-14 04:03:00,10.91623,10.91623,10.91623,10.91623,3000
IDI,2024-03-14 04:04:00,10.91623,10.91623,10.91623,10.91623,1600
IDI,2024-03-14 04:05:00,10.91623,10.91623,10.91623,10.91623,1500
IDI,2024-03-14 04:06:00,10.91623,10.91623,10.91623,10.91623,55700
IDI,2024-03-14 04:07:00,10.91623,10.9579,10.91623,10.9579,300
IDI,2024-03-14 04:08:00,10.9579,10.9579,10.91623,10.91623,25100
IDI,2024-03-14 04:09:00,10.91623,10.91623,10.91623,10.91623,37200
IDI,2024-03-14 04:10:00,10.91623,10.91623,10.91623,10.91623,4600
IDI,2024-03-14 04:11:00,10.91623,10.91623,10.91623,10.91623,14400
IDI,2024-03-14 04:12:00,10.91623,10.91623,10.87457,10.91623,9500
IDI,2024-03-14 04:13:00,10.91623,10.91623,10.91623,10.91623,3300
IDI,2024-03-14 04:14:00,10.91623,10.91623,10.91623,10.91623,1700
IDI,2024-03-14 04:15:00,10.91623,10.91623,10.91623,10.91623,38200
IDI,2024-03-14 04:17:00,10.91623,10.91623,10.91623,10.91623,2100
IDI,2024-03-14 04:18:00,10.91623,10.91623,10.91623,10.91623,6300
IDI,2024-03-14 04:19:00,10.91623,10.91623,10.91623,10.91623,20500
IDI,2024-03-14 04:20:00,10.91623,10.91623,10.91623,10.91623,3600
IDI,2024-03-14 04:21:00,10.91623,10.9579,10.91623,10.9579,7000
IDI,2024-03-14 04:22:00,10.9579,10.9579,10.9579,10.9579,3600
IDI,2024-03-14 04:23:00,10.9579,10.9579,10.91623,10.91623,10900
IDI,2024-03-14 04:24:00,10.91623,10.91623,10.91623,10.91623,14200
IDI,2024-03-14 04:25:00,10.91623,10.9579,10.91623,10.9579,11600
IDI,2024-03-14 04:26:00,10.9579,10.9579,10.9579,10.9579,10000
IDI,2024-03-14 04:27:00,10.9579,10.9579,10.91623,10.91623,6500
IDI,2024-03-14 04:28:00,10.91623,10.91623,10.91623,10.91623,1100
IDI,2024-03-14 04:29:00,10.91623,10.91623,10.87457,10.87457,5400
IDI,2024-03-14 06:00:00,10.87457,10.91623,10.87457,10.91623,23400
IDI,2024-03-14 06:01:00,10.91623,10.91623,10.87457,10.87457,63300
IDI,2024-03-14 06:02:00,10.87457,10.87457,10.87457,10.87457,66400
IDI,2024-03-14 06:03:00,10.87457,10.87457,10.87457,10.87457,19000
IDI,2024-03-14 06:04:00,10.87457,10.91623,10.87457,10.87457,32100
IDI,2024-03-14 06:05:00,10.87457,10.87457,10.87457,10.87457,3800
IDI,2024-03-14 06:06:00,10.87457,10.87457,10.87457,10.87457,100
IDI,2024-03-14 06:07:00,10.87457,10.87457,10.8329,10.8329,2300
IDI,2024-03-14 06:08:00,10.8329,10.87457,10.8329,10.8329,7000
IDI,2024-03-14 06:09:00,10.8329,10.87457,10.8329,10.87457,4800
IDI,2024-03-14 06:10:00,10.87457,10.87457,10.87457,10.87457,100
IDI,2024-03-14 06:11:00,10.87457,10.87457,10.8329,10.87457,41700
IDI,2024-03-14 06:12:00,10.87457,10.87457,10.87457,10.87457,4200
IDI,2024-03-14 06:13:00,10.87457,10.87457,10.87457,10.87457,5800
IDI,2024-03-14 06:14:00,10.87457,10.87457,10.87457,10.87457,30500
IDI,2024-03-14 06:15:00,10.87457,10.87457,10.8329,10.87457,8700
IDI,2024-03-14 06:16:00,10.87457,10.87457,10.87457,10.87457,1000
IDI,2024-03-14 06:17:00,10.87457,10.87457,10.87457,10.87457,3400
IDI,2024-03-14 06:18:00,10.87457,10.87457,10.87457,10.87457,47200
IDI,2024-03-14 06:19:00,10.87457,10.87457,10.87457,10.87457,27100
IDI,2024-03-14 06:20:00,10.87457,10.87457,10.87457,10.87457,5400
IDI,2024-03-14 06:21:00,10.87457,10.87457,10.87457,10.87457,26700
IDI,2024-03-14 06:22:00,10.87457,10.87457,10.8329,10.8329,9900
IDI,2024-03-14 06:23:00,10.8329,10.87457,10.8329,10.87457,26800
IDI,2024-03-14 06:24:00,10.87457,10.87457,10.8329,10.87457,11800
IDI,2024-03-14 06:25:00,10.87457,10.87457,10.87457,10.87457,3100
IDI,2024-03-14 06:26:00,10.87457,10.87457,10.8329,10.8329,66000
IDI,2024-03-14 06:27:00,10.8329,10.87457,10.8329,10.87457,9500
IDI,2024-03-14 06:28:00,10.87457,10.87457,10.8329,10.8329,18100
IDI,2024-03-14 06:29:00,10.8329,10.87457,10.8329,10.87457,1400
IDI,2024-03-14 06:30:00,10.87457,10.87457,10.8329,10.87457,2700
IDI,2024-03-14 06:31:00,10.87457,10.87457,10.87457,10.87457,27200
IDI,2024-03-14 06:32:00,10.87457,10.87457,10.8329,10.8329,200
IDI,2024-03-14 06:33:00,10.8329,10.87457,10.8329,10.87457,21800
IDI,2024-03-14 06:34:00,10.87457,10.87457,10.8329,10.8329,34100
IDI,2024-03-14 06:35:00,10.8329,10.8329,10.8329,10.8329,14100
IDI,2024-03-14 06:36:00,10.8329,10.87457,10.8329,10.8329,114500
IDI,2024-03-14 06:37:00,10.8329,10.8329,10.8329,10.8329,15800
IDI,2024-03-14 06:38:00,10.8329,10.8329,10.79124,10.8329,10100
IDI,2024-03-14 06:39:00,10.8329,10.8329,10.8329,10.8329,9600
IDI,2024-03-14 06:40:00,10.8329,10.8329,10.79124,10.8329,31600
IDI,2024-03-14 06:41:00,10.8329,10.8329,10.79124,10.8329,15700
IDI,2024-03-14 06:42:00,10.8329,10.8329,10.79124,10.8329,9500
IDI,2024-03-14 06:43:00,10.8329,10.8329,10.79124,10.79124,3800
IDI,2024-03-14 06:44:00,10.79124,10.8329,10.79124,10.8329,2300
IDI,2024-03-14 06:45:00,10.8329,10.8329,10.79124,10.79124,500
IDI,2024-03-14 06:46:00,10.79124,10.79124,10.79124,10.79124,10500
IDI,2024-03-14 06:48:00,10.79124,10.8329,10.79124,10.8329,5400
IDI,2024-03-14 06:49:00,10.8329,10.8329,10.79124,10.8329,50800
IDI,2024-03-14 06:50:00,10.8329,10.8329,10.8329,10.8329,46100
IDI,2024-03-14 06:51:00,10.8329,10.87457,10.8329,10.87457,7100
IDI,2024-03-14 06:52:00,10.87457,10.87457,10.87457,10.87457,11000
IDI,2024-03-14 06:53:00,10.87457,10.87457,10.8329,10.87457,15900
IDI,2024-03-14 06:54:00,10.87457,10.87457,10.87457,10.87457,1100
IDI,2024-03-14 06:55:00,10.87457,10.87457,10.87457,10.87457,95100
IDI,2024-03-14 06:56:00,10.87457,10.87457,10.8329,10.87457,16800
IDI,2024-03-14 06:57:00,10.87457,10.87457,10.8329,10.87457,7000
IDI,2024-03-14 06:58:00,10.87457,10.87457,10.8329,10.8329,35200
IDI,2024-03-14 06:59:00,10.8329,10.87457,10.8329,10.8329,3900
IDI,2024-03-14 07:00:00,10.8329,10.87457,10.8329,10.87457,101000
IDI,2024-03-14 07:01:00,10.87457,10.87457,10.8329,10.8329,11000
IDI,2024-03-14 07:03:00,10.8329,10.87457,10.8329,10.8329,101000
IDI,2024-03-14 07:04:00,10.8329,10.8329,10.8329,10.8329,121000
IDI,2024-03-14 07:05:00,10.8329,10.87457,10.8329,10.8329,63200
IDI,2024-03-14 07:06:00,10.8329,10.8329,10.8329,10.8329,153400
IDI,2024-03-14 07:07:00,10.8329,10.8329,10.79124,10.8329,2900
IDI,2024-03-14 07:08:00,10.8329,10.8329,10.79124,10.8329,31000
IDI,2024-03-14 07:09:00,10.8329,10.8329,10.79124,10.8329,25300
IDI,2024-03-14 07:10:00,10.8329,10.8329,10.8329,10.8329,600
IDI,2024-03-14 07:11:00,10.8329,10.8329,10.8329,10.8329,14800
IDI,2024-03-14 07:12:00,10.8329,10.8329,10.8329,10.8329,19700
IDI,2024-03-14 07:13:00,10.8329,10.8329,10.8329,10.8329,3500
IDI,2024-03-14 07:14:00,10.8329,10.8329,10.79124,10.8329,12600
IDI,2024-03-14 07:15:00,10.8329,10.8329,10.79124,10.8329,3700
IDI,2024-03-14 07:16:00,10.8329,10.8329,10.79124,10.79124,10100
IDI,2024-03-14 07:17:00,10.79124,10.79124,10.79124,10.79124,23400
IDI,2024-03-14 07:18:00,10.79124,10.8329,10.79124,10.8329,700
IDI,2024-03-14 07:19:00,10.8329,10.8329,10.79124,10.79124,5000
IDI,2024-03-14 07:20:00,10.79124,10.8329,10.79124,10.79124,198500
IDI,2024-03-14 07:21:00,10.79124,10.79124,10.74957,10.74957,77700
IDI,2024-03-14 07:22:00,10.74957,10.79124,10.74957,10.74957,201300
IDI,2024-03-14 07:23:00,10.74957,10.74957,10.70791,10.74957,62000
IDI,2024-03-14 07:24:00,10.74957,10.74957,10.70791,10.74957,18500
IDI,2024-03-14 07:25:00,10.74957,10.79124,10.74957,10.79124,5000
IDI,2024-03-14 07:26:00,10.79124,10.79124,10.74957,10.79124,62300
IDI,2024-03-14 07:27:00,10.79124,10.79124,10.79124,10.79124,32500
IDI,2024-03-14 07:28:00,10.79124,10.79124,10.79124,10.79124,35700
IDI,2024-03-14 07:29:00,10.79124,10.79124,10.79124,10.79124,10600
IDI,2024-03-14 07:45:00,10.8329,10.8329,10.8329,10.8329,215300
IDI,2024-03-15 02:15:00,10.8329,10.8329,10.8329,10.8329,9300
IDI,2024-03-15 02:16:00,10.8329,10.87457,10.8329,10.87457,24200
IDI,2024-03-15 02:17:00,10.87457,10.87457,10.79124,10.79124,32600
IDI,2024-03-15 02:20:00,10.79124,10.79124,10.74957,10.74957,2400
IDI,2024-03-15 02:21:00,10.74957,10.74957,10.74957,10.74957,10400
IDI,2024-03-15 02:22:00,10.74957,10.79124,10.74957,10.79124,10100
IDI,2024-03-15 02:23:00,10.79124,10.79124,10.74957,10.74957,500
IDI,2024-03-15 02:24:00,10.74957,10.79124,10.74957,10.79124,200
IDI,2024-03-15 02:25:00,10.79124,10.79124,10.74957,10.74957,71200
IDI,2024-03-15 02:26:00,10.74957,10.79124,10.74957,10.79124,26500
IDI,2024-03-15 02:27:00,10.79124,10.79124,10.79124,10.79124,2000
IDI,2024-03-15 02:28:00,10.79124,10.79124,10.79124,10.79124,14000
IDI,2024-03-15 02:29:00,10.79124,10.79124,10.79124,10.79124,1800
IDI,2024-03-15 02:30:00,10.79124,10.79124,10.79124,10.79124,11700
IDI,2024-03-15 02:31:00,10.79124,10.79124,10.79124,10.79124,12700
IDI,2024-03-15 02:32:00,10.79124,10.79124,10.79124,10.79124,700
IDI,2024-03-15 02:33:00,10.79124,10.79124,10.79124,10.79124,3800
IDI,2024-03-15 02:34:00,10.79124,10.79124,10.79124,10.79124,8100
IDI,2024-03-15 02:35:00,10.79124,10.79124,10.79124,10.79124,8100
IDI,2024-03-15 02:36:00,10.79124,10.79124,10.79124,10.79124,2600
IDI,2024-03-15 02:37:00,10.79124,10.79124,10.74957,10.74957,700
IDI,2024-03-15 02:38:00,10.74957,10.74957,10.74957,10.74957,100
IDI,2024-03-15 02:39:00,10.74957,10.74957,10.74957,10.74957,59300
IDI,2024-03-15 02:40:00,10.74957,10.74957,10.70791,10.74957,10700
IDI,2024-03-15 02:41:00,10.74957,10.74957,10.74957,10.74957,1900
IDI,2024-03-15 02:42:00,10.74957,10.74957,10.74957,10.74957,1300
IDI,2024-03-15 02:43:00,10.74957,10.74957,10.70791,10.70791,100
IDI,2024-03-15 02:44:00,10.70791,10.74957,10.70791,10.74957,13800
IDI,2024-03-15 02:45:00,10.74957,10.74957,10.70791,10.74957,4600
IDI,2024-03-15 02:46:00,10.74957,10.74957,10.70791,10.74957,56200
IDI,2024-03-15 02:47:00,10.74957,10.74957,10.74957,10.74957,3500
IDI,2024-03-15 02:48:00,10.74957,10.74957,10.74957,10.74957,500
IDI,2024-03-15 02:49:00,10.74957,10.74957,10.74957,10.74957,400
IDI,2024-03-15 02:50:00,10.74957,10.74957,10.74957,10.74957,7100
IDI,2024-03-15 02:51:00,10.74957,10.74957,10.74957,10.74957,25700
IDI,2024-03-15 02:52:00,10.74957,10.74957,10.70791,10.70791,91300
IDI,2024-03-15 02:53:00,10.70791,10.70791,10.66624,10.70791,53800
IDI,2024-03-15 02:54:00,10.70791,10.70791,10.66624,10.70791,21600
IDI,2024-03-15 02:55:00,10.70791,10.70791,10.70791,10.70791,1000
IDI,2024-03-15 02:56:00,10.70791,10.70791,10.70791,10.70791,95300
IDI,2024-03-15 02:57:00,10.70791,10.70791,10.70791,10.70791,2500
IDI,2024-03-15 02:58:00,10.70791,10.79124,10.70791,10.79124,2500
IDI,2024-03-15 02:59:00,10.79124,10.79124,10.79124,10.79124,300
IDI,2024-03-15 03:00:00,10.79124,10.79124,10.74957,10.74957,1700
IDI,2024-03-15 03:01:00,10.74957,10.74957,10.70791,10.70791,11200
IDI,2024-03-15 03:02:00,10.70791,10.74957,10.70791,10.70791,14000
IDI,2024-03-15 03:03:00,10.70791,10.70791,10.70791,10.70791,10000
IDI,2024-03-15 03:04:00,10.70791,10.70791,10.70791,10.70791,47500
IDI,2024-03-15 03:05:00,10.70791,10.70791,10.66624,10.70791,77400
IDI,2024-03-15 03:06:00,10.70791,10.70791,10.66624,10.70791,16500
IDI,2024-03-15 03:07:00,10.70791,10.74957,10.70791,10.74957,100
IDI,2024-03-15 03:08:00,10.74957,10.74957,10.74957,10.74957,3100
IDI,2024-03-15 03:09:00,10.74957,10.74957,10.70791,10.70791,2000
IDI,2024-03-15 03:12:00,10.70791,10.70791,10.70791,10.70791,60100
IDI,2024-03-15 03:13:00,10.70791,10.70791,10.70791,10.70791,15800
IDI,2024-03-15 03:14:00,10.70791,10.74957,10.70791,10.74957,27100
IDI,2024-03-15 03:15:00,10.74957,10.74957,10.70791,10.70791,7500
IDI,2024-03-15 03:16:00,10.70791,10.70791,10.70791,10.70791,1000
IDI,2024-03-15 03:17:00,10.70791,10.74957,10.70791,10.70791,3800
IDI,2024-03-15 03:18:00,10.70791,10.70791,10.70791,10.70791,200
IDI,2024-03-15 03:19:00,10.70791,10.70791,10.70791,10.70791,4200
IDI,2024-03-15 03:20:00,10.70791,10.74957,10.70791,10.74957,300
IDI,2024-03-15 03:21:00,10.74957,10.74957,10.74957,10.74957,41200
IDI,2024-03-15 03:22:00,10.74957,10.74957,10.74957,10.74957,100
IDI,2024-03-15 03:23:00,10.74957,10.74957,10.74957,10.74957,1500
IDI,2024-03-15 03:24:00,10.74957,10.74957,10.74957,10.74957,100
IDI,2024-03-15 03:25:00,10.74957,10.74957,10.70791,10.70791,9100
IDI,2024-03-15 03:26:00,10.70791,10.74957,10.70791,10.74957,5100
IDI,2024-03-15 03:27:00,10.74957,10.74957,10.74957,10.74957,22100
IDI,2024-03-15 03:28:00,10.74957,10.74957,10.74957,10.74957,3400
IDI,2024-03-15 03:29:00,10.74957,10.74957,10.70791,10.74957,6000
IDI,2024-03-15 03:30:00,10.74957,10.79124,10.70791,10.79124,81900
IDI,2024-03-15 03:32:00,10.79124,10.79124,10.74957,10.74957,52100
IDI,2024-03-15 03:33:00,10.74957,10.74957,10.74957,10.74957,35500
IDI,2024-03-15 03:35:00,10.74957,10.74957,10.74957,10.74957,19900
IDI,2024-03-15 03:36:00,10.74957,10.74957,10.74957,10.74957,13300
IDI,2024-03-15 03:37:00,10.74957,10.74957,10.74957,10.74957,2900
IDI,2024-03-15 03:38:00,10.74957,10.79124,10.74957,10.79124,4100
IDI,2024-03-15 03:39:00,10.79124,10.79124,10.74957,10.79124,26400
IDI,2024-03-15 03:40:00,10.79124,10.79124,10.79124,10.79124,12700
IDI,2024-03-15 03:41:00,10.79124,10.79124,10.79124,10.79124,26000
IDI,2024-03-15 03:42:00,10.79124,10.79124,10.79124,10.79124,5500
IDI,2024-03-15 03:43:00,10.79124,10.79124,10.74957,10.74957,6500
IDI,2024-03-15 03:44:00,10.74957,10.74957,10.74957,10.74957,500
IDI,2024-03-15 03:45:00,10.74957,10.74957,10.74957,10.74957,4600
IDI,2024-03-15 03:46:00,10.74957,10.74957,10.74957,10.74957,1500
IDI,2024-03-15 03:47:00,10.74957,10.79124,10.74957,10.79124,900
IDI,2024-03-15 03:48:00,10.79124,10.79124,10.79124,10.79124,2100
IDI,2024-03-15 03:49:00,10.79124,10.79124,10.79124,10.79124,40400
IDI,2024-03-15 03:50:00,10.79124,10.79124,10.74957,10.74957,50000
IDI,2024-03-15 03:51:00,10.74957,10.79124,10.74957,10.74957,76100
IDI,2024-03-15 03:52:00,10.74957,10.79124,10.74957,10.79124,4900
IDI,2024-03-15 03:53:00,10.79124,10.79124,10.79124,10.79124,10100
IDI,2024-03-15 03:54:00,10.79124,10.79124,10.74957,10.74957,20400
IDI,2024-03-15 03:55:00,10.74957,10.79124,10.74957,10.79124,1500
IDI,2024-03-15 03:58:00,10.79124,10.79124,10.74957,10.74957,2000
IDI,2024-03-15 03:59:00,10.74957,10.74957,10.74957,10.74957,300
IDI,2024-03-15 04:00:00,10.74957,10.79124,10.74957,10.79124,4600
IDI,2024-03-15 04:01:00,10.79124,10.79124,10.74957,10.74957,43900
IDI,2024-03-15 04:02:00,10.74957,10.74957,10.74957,10.74957,166200
IDI,2024-03-15 04:05:00,10.74957,10.74957,10.70791,10.70791,12200
IDI,2024-03-15 04:07:00,10.70791,10.70791,10.70791,10.70791,3200
IDI,2024-03-15 04:08:00,10.70791,10.70791,10.70791,10.70791,4000
IDI,2024-03-15 04:09:00,10.70791,10.70791,10.70791,10.70791,300
IDI,2024-03-15 04:10:00,10.70791,10.74957,10.70791,10.74957,400
IDI,2024-03-15 04:12:00,10.74957,10.74957,10.74957,10.74957,500
IDI,2024-03-15 04:13:00,10.74957,10.74957,10.74957,10.74957,2000
IDI,2024-03-15 04:14:00,10.74957,10.74957,10.70791,10.70791,134400
IDI,2024-03-15 04:15:00,10.70791,10.70791,10.70791,10.70791,500
IDI,2024-03-15 04:16:00,10.70791,10.70791,10.70791,10.70791,1000
IDI,2024-03-15 04:17:00,10.70791,10.70791,10.70791,10.70791,16700
IDI,2024-03-15 04:18:00,10.70791,10.70791,10.70791,10.70791,100
IDI,2024-03-15 04:19:00,10.70791,10.70791,10.70791,10.70791,11500
IDI,2024-03-15 04:21:00,10.70791,10.70791,10.70791,10.70791,35000
IDI,2024-03-15 04:22:00,10.70791,10.70791,10.70791,10.70791,8500
IDI,2024-03-15 04:23:00,10.70791,10.70791,10.70791,10.70791,11000
IDI,2024-03-15 04:24:00,10.70791,10.70791,10.66624,10.70791,3400
IDI,2024-03-15 04:25:00,10.70791,10.70791,10.66624,10.66624,12000
IDI,2024-03-15 04:26:00,10.66624,10.66624,10.66624,10.66624,5500
IDI,2024-03-15 04:27:00,10.66624,10.70791,10.66624,10.66624,600
IDI,2024-03-15 04:28:00,10.66624,10.70791,10.66624,10.70791,2000
IDI,2024-03-15 04:29:00,10.70791,10.70791,10.70791,10.70791,800
IDI,2024-03-15 06:00:00,10.70791,10.70791,10.66624,10.66624,167200
IDI,2024-03-15 06:01:00,10.66624,10.66624,10.66624,10.66624,57400
IDI,2024-03-15 06:02:00,10.66624,10.66624,10.66624,10.66624,4500
IDI,2024-03-15 06:03:00,10.66624,10.66624,10.62458,10.66624,27800
IDI,2024-03-15 06:04:00,10.66624,10.66624,10.62458,10.62458,1900
IDI,2024-03-15 06:05:00,10.62458,10.66624,10.62458,10.66624,7800
IDI,2024-03-15 06:06:00,10.66624,10.66624,10.66624,10.66624,57600
IDI,2024-03-15 06:07:00,10.66624,10.66624,10.66624,10.66624,73800
IDI,2024-03-15 06:08:00,10.66624,10.66624,10.66624,10.66624,73400
IDI,2024-03-15 06:09:00,10.66624,10.66624,10.66624,10.66624,77500
IDI,2024-03-15 06:10:00,10.66624,10.66624,10.62458,10.66624,1700
IDI,2024-03-15 06:11:00,10.66624,10.66624,10.66624,10.66624,24500
IDI,2024-03-15 06:12:00,10.66624,10.66624,10.62458,10.66624,29700
IDI,2024-03-15 06:13:00,10.66624,10.66624,10.66624,10.66624,200
IDI,2024-03-15 06:14:00,10.66624,10.66624,10.62458,10.62458,15300
IDI,2024-03-15 06:15:00,10.62458,10.66624,10.62458,10.66624,3800
IDI,2024-03-15 06:16:00,10.66624,10.66624,10.62458,10.62458,22600
IDI,2024-03-15 06:17:00,10.62458,10.66624,10.62458,10.66624,1000
IDI,2024-03-15 06:19:00,10.66624,10.66624,10.62458,10.62458,7000
IDI,2024-03-15 06:20:00,10.62458,10.62458,10.62458,10.62458,3800
IDI,2024-03-15 06:21:00,10.62458,10.62458,10.62458,10.62458,95600
IDI,2024-03-15 06:22:00,10.62458,10.62458,10.62458,10.62458,150300
IDI,2024-03-15 06:23:00,10.62458,10.62458,10.62458,10.62458,15100
IDI,2024-03-15 06:24:00,10.62458,10.62458,10.58291,10.58291,123700
IDI,2024-03-15 06:25:00,10.58291,10.58291,10.58291,10.58291,79900
IDI,2024-03-15 06:26:00,10.58291,10.58291,10.58291,10.58291,10100
IDI,2024-03-15 06:27:00,10.58291,10.62458,10.58291,10.58291,6600
IDI,2024-03-15 06:28:00,10.58291,10.62458,10.58291,10.62458,11700
IDI,2024-03-15 06:29:00,10.62458,10.62458,10.58291,10.62458,45200
IDI,2024-03-15 06:30:00,10.62458,10.62458,10.62458,10.62458,4000
IDI,2024-03-15 06:31:00,10.62458,10.66624,10.62458,10.66624,2500
IDI,2024-03-15 06:32:00,10.66624,10.66624,10.66624,10.66624,36100
IDI,2024-03-15 06:33:00,10.66624,10.66624,10.66624,10.66624,9100
IDI,2024-03-15 06:34:00,10.66624,10.66624,10.62458,10.66624,56000
IDI,2024-03-15 06:35:00,10.66624,10.66624,10.58291,10.62458,96600
IDI,2024-03-15 06:36:00,10.62458,10.62458,10.62458,10.62458,9300
IDI,2024-03-15 06:37:00,10.62458,10.66624,10.62458,10.62458,7400
IDI,2024-03-15 06:38:00,10.62458,10.62458,10.62458,10.62458,13600
IDI,2024-03-15 06:39:00,10.62458,10.62458,10.58291,10.58291,2700
IDI,2024-03-15 06:40:00,10.58291,10.62458,10.58291,10.62458,6700
IDI,2024-03-15 06:41:00,10.62458,10.62458,10.58291,10.58291,4200
IDI,2024-03-15 06:42:00,10.58291,10.62458,10.58291,10.58291,900
IDI,2024-03-15 06:43:00,10.58291,10.62458,10.58291,10.62458,10100
IDI,2024-03-15 06:44:00,10.62458,10.62458,10.62458,10.62458,5700
IDI,2024-03-15 06:45:00,10.62458,10.62458,10.62458,10.62458,13100
IDI,2024-03-15 06:46:00,10.62458,10.62458,10.62458,10.62458,17000
IDI,2024-03-15 06:47:00,10.62458,10.62458,10.62458,10.62458,15600
IDI,2024-03-15 06:48:00,10.62458,10.62458,10.62458,10.62458,25300
IDI,2024-03-15 06:49:00,10.62458,10.62458,10.62458,10.62458,2500
IDI,2024-03-15 06:50:00,10.62458,10.62458,10.62458,10.62458,22700
IDI,2024-03-15 06:51:00,10.62458,10.62458,10.58291,10.62458,14700
IDI,2024-03-15 06:52:00,10.62458,10.62458,10.62458,10.62458,6900
IDI,2024-03-15 06:53:00,10.62458,10.62458,10.62458,10.62458,27000
IDI,2024-03-15 06:55:00,10.62458,10.62458,10.62458,10.62458,700
IDI,2024-03-15 06:56:00,10.62458,10.66624,10.62458,10.66624,22200
IDI,2024-03-15 06:57:00,10.66624,10.66624,10.66624,10.66624,86200
IDI,2024-03-15 06:58:00,10.66624,10.66624,10.66624,10.66624,3200
IDI,2024-03-15 06:59:00,10.66624,10.66624,10.66624,10.66624,19200
IDI,2024-03-15 07:00:00,10.66624,10.66624,10.66624,10.66624,7800
IDI,2024-03-15 07:01:00,10.66624,10.70791,10.66624,10.66624,33300
IDI,2024-03-15 07:02:00,10.66624,10.66624,10.66624,10.66624,2700
IDI,2024-03-15 07:03:00,10.66624,10.66624,10.62458,10.62458,1000
IDI,2024-03-15 07:04:00,10.62458,10.62458,10.62458,10.62458,10500
IDI,2024-03-15 07:05:00,10.62458,10.62458,10.62458,10.62458,30300
IDI,2024-03-15 07:06:00,10.62458,10.62458,10.62458,10.62458,4000
IDI,2024-03-15 07:07:00,10.62458,10.62458,10.62458,10.62458,3600
IDI,2024-03-15 07:08:00,10.62458,10.62458,10.62458,10.62458,57500
IDI,2024-03-15 07:09:00,10.62458,10.62458,10.58291,10.58291,600
IDI,2024-03-15 07:10:00,10.58291,10.62458,10.58291,10.62458,300
IDI,2024-03-15 07:11:00,10.62458,10.62458,10.58291,10.62458,11900
IDI,2024-03-15 07:12:00,10.62458,10.62458,10.62458,10.62458,10200
IDI,2024-03-15 07:13:00,10.62458,10.62458,10.62458,10.62458,18600
IDI,2024-03-15 07:14:00,10.62458,10.62458,10.58291,10.62458,20500
IDI,2024-03-15 07:15:00,10.62458,10.66624,10.62458,10.66624,13800
IDI,2024-03-15 07:16:00,10.66624,10.66624,10.66624,10.66624,82400
IDI,2024-03-15 07:17:00,10.66624,10.70791,10.66624,10.66624,25100
IDI,2024-03-15 07:18:00,10.66624,10.70791,10.66624,10.66624,1200
IDI,2024-03-15 07:20:00,10.66624,10.70791,10.66624,10.70791,91200
IDI,2024-03-15 07:21:00,10.70791,10.70791,10.70791,10.70791,30200
IDI,2024-03-15 07:22:00,10.70791,10.70791,10.66624,10.70791,22400
IDI,2024-03-15 07:23:00,10.70791,10.70791,10.66624,10.70791,33700
IDI,2024-03-15 07:24:00,10.70791,10.70791,10.66624,10.70791,15900
IDI,2024-03-15 07:25:00,10.70791,10.70791,10.70791,10.70791,13000
IDI,2024-03-15 07:26:00,10.70791,10.70791,10.66624,10.70791,3100
IDI,2024-03-15 07:27:00,10.70791,10.70791,10.66624,10.66624,14100
IDI,2024-03-15 07:28:00,10.66624,10.70791,10.66624,10.70791,18100
IDI,2024-03-15 07:29:00,10.70791,10.70791,10.66624,10.70791,6100
IDI,2024-03-15 07:45:00,10.70791,10.70791,10.70791,10.70791,70300
IDI,2024-03-18 02:15:00,10.66624,10.70791,10.66624,10.70791,12000
IDI,2024-03-18 02:16:00,10.70791,10.70791,10.66624,10.66624,10000
IDI,2024-03-18 02:17:00,10.66624,10.70791,10.66624,10.70791,4000
IDI,2024-03-18 02:18:00,10.70791,10.74957,10.70791,10.74957,34400
IDI,2024-03-18 02:19:00,10.74957,10.74957,10.74957,10.74957,4000
IDI,2024-03-18 02:20:00,10.74957,10.74957,10.70791,10.70791,87500
IDI,2024-03-18 02:21:00,10.70791,10.70791,10.70791,10.70791,1200
IDI,2024-03-18 02:22:00,10.70791,10.70791,10.70791,10.70791,145500
IDI,2024-03-18 02:23:00,10.70791,10.70791,10.70791,10.70791,26700
IDI,2024-03-18 02:24:00,10.70791,10.70791,10.66624,10.66624,600
IDI,2024-03-18 02:25:00,10.66624,10.70791,10.66624,10.70791,4500
IDI,2024-03-18 02:26:00,10.70791,10.70791,10.66624,10.70791,10100
IDI,2024-03-18 02:27:00,10.70791,10.70791,10.66624,10.66624,25100
IDI,2024-03-18 02:28:00,10.66624,10.66624,10.66624,10.66624,5200
IDI,2024-03-18 02:29:00,10.66624,10.66624,10.62458,10.66624,50900
IDI,2024-03-18 02:30:00,10.66624,10.66624,10.66624,10.66624,2200
IDI,2024-03-18 02:31:00,10.66624,10.66624,10.66624,10.66624,53400
IDI,2024-03-18 02:32:00,10.66624,10.66624,10.66624,10.66624,17100
IDI,2024-03-18 02:33:00,10.66624,10.66624,10.66624,10.66624,4800
IDI,2024-03-18 02:34:00,10.66624,10.70791,10.66624,10.70791,11300
IDI,2024-03-18 02:35:00,10.70791,10.70791,10.66624,10.66624,200
IDI,2024-03-18 02:36:00,10.66624,10.66624,10.66624,10.66624,20000
IDI,2024-03-18 02:37:00,10.66624,10.70791,10.66624,10.66624,5200
IDI,2024-03-18 02:38:00,10.66624,10.70791,10.66624,10.66624,6000
IDI,2024-03-18 02:39:00,10.66624,10.66624,10.66624,10.66624,400
IDI,2024-03-18 02:40:00,10.66624,10.66624,10.66624,10.66624,9700
IDI,2024-03-18 02:41:00,10.66624,10.66624,10.66624,10.66624,3000
IDI,2024-03-18 02:42:00,10.66624,10.66624,10.66624,10.66624,100
IDI,2024-03-18 02:43:00,10.66624,10.66624,10.66624,10.66624,5000
IDI,2024-03-18 02:44:00,10.66624,10.66624,10.66624,10.66624,19800
IDI,2024-03-18 02:45:00,10.66624,10.70791,10.66624,10.66624,32300
IDI,2024-03-18 02:46:00,10.66624,10.66624,10.62458,10.62458,5100
IDI,2024-03-18 02:47:00,10.62458,10.62458,10.62458,10.62458,30700
IDI,2024-03-18 02:48:00,10.62458,10.62458,10.58291,10.62458,18000
IDI,2024-03-18 02:49:00,10.62458,10.62458,10.62458,10.62458,28100
IDI,2024-03-18 02:50:00,10.62458,10.66624,10.62458,10.66624,28900
IDI,2024-03-18 02:51:00,10.66624,10.66624,10.62458,10.62458,26200
IDI,2024-03-18 02:52:00,10.62458,10.70791,10.62458,10.66624,21000
IDI,2024-03-18 02:53:00,10.66624,10.70791,10.66624,10.70791,9700
IDI,2024-03-18 02:54:00,10.70791,10.70791,10.66624,10.66624,5100
IDI,2024-03-18 02:55:00,10.66624,10.66624,10.66624,10.66624,14400
IDI,2024-03-18 02:56:00,10.66624,10.66624,10.66624,10.66624,200
IDI,2024-03-18 02:57:00,10.66624,10.66624,10.66624,10.66624,11600
IDI,2024-03-18 02:58:00,10.66624,10.66624,10.66624,10.66624,15000
IDI,2024-03-18 02:59:00,10.66624,10.66624,10.66624,10.66624,5800
IDI,2024-03-18 03:00:00,10.66624,10.66624,10.62458,10.62458,5000
IDI,2024-03-18 03:01:00,10.62458,10.66624,10.62458,10.62458,1100
IDI,2024-03-18 03:03:00,10.62458,10.62458,10.62458,10.62458,9300
IDI,2024-03-18 03:04:00,10.62458,10.62458,10.62458,10.62458,37900
IDI,2024-03-18 03:05:00,10.62458,10.62458,10.58291,10.62458,15300
IDI,2024-03-18 03:06:00,10.62458,10.62458,10.62458,10.62458,2400
IDI,2024-03-18 03:07:00,10.62458,10.62458,10.62458,10.62458,6100
IDI,2024-03-18 03:08:00,10.62458,10.66624,10.62458,10.62458,500
IDI,2024-03-18 03:09:00,10.62458,10.66624,10.62458,10.66624,20200
IDI,2024-03-18 03:10:00,10.66624,10.66624,10.62458,10.66624,4000
IDI,2024-03-18 03:11:00,10.66624,10.66624,10.62458,10.62458,10500
IDI,2024-03-18 03:12:00,10.62458,10.66624,10.62458,10.66624,1900
IDI,2024-03-18 03:13:00,10.66624,10.66624,10.66624,10.66624,4900
IDI,2024-03-18 03:14:00,10.66624,10.66624,10.66624,10.66624,2800
IDI,2024-03-18 03:15:00,10.66624,10.66624,10.66624,10.66624,4000
IDI,2024-03-18 03:16:00,10.66624,10.66624,10.62458,10.62458,41000
IDI,2024-03-18 03:17:00,10.62458,10.62458,10.62458,10.62458,9900
IDI,2024-03-18 03:18:00,10.62458,10.62458,10.62458,10.62458,10400
IDI,2024-03-18 03:19:00,10.62458,10.62458,10.54125,10.58291,163400
IDI,2024-03-18 03:20:00,10.58291,10.58291,10.49958,10.49958,243300
IDI,2024-03-18 03:21:00,10.49958,10.49958,10.08293,10.1246,372200
IDI,2024-03-18 03:22:00,10.1246,10.29126,10.08293,10.1246,172800
IDI,2024-03-18 03:23:00,10.1246,10.20793,10.1246,10.20793,32500
IDI,2024-03-18 03:24:00,10.20793,10.20793,10.1246,10.1246,88500
IDI,2024-03-18 03:25:00,10.1246,10.20793,10.1246,10.16626,124800
IDI,2024-03-18 03:26:00,10.16626,10.24959,10.1246,10.24959,46700
IDI,2024-03-18 03:27:00,10.24959,10.33292,10.20793,10.33292,66800
IDI,2024-03-18 03:28:00,10.33292,10.37459,10.29126,10.37459,36300
IDI,2024-03-18 03:29:00,10.37459,10.41625,10.37459,10.41625,11600
IDI,2024-03-18 03:30:00,10.41625,10.41625,10.37459,10.37459,15200
IDI,2024-03-18 03:31:00,10.37459,10.37459,10.33292,10.33292,49500
IDI,2024-03-18 03:32:00,10.33292,10.37459,10.33292,10.33292,84700
IDI,2024-03-18 03:33:00,10.33292,10.33292,10.29126,10.29126,93200
IDI,2024-03-18 03:34:00,10.29126,10.33292,10.29126,10.29126,37400
IDI,2024-03-18 03:35:00,10.29126,10.33292,10.24959,10.29126,30800
IDI,2024-03-18 03:36:00,10.29126,10.29126,10.24959,10.24959,22400
IDI,2024-03-18 03:37:00,10.24959,10.24959,10.24959,10.24959,9700
IDI,2024-03-18 03:38:00,10.24959,10.29126,10.24959,10.29126,31300
IDI,2024-03-18 03:39:00,10.29126,10.29126,10.24959,10.24959,40100
IDI,2024-03-18 03:40:00,10.24959,10.24959,10.20793,10.24959,65700
IDI,2024-03-18 03:41:00,10.24959,10.24959,10.20793,10.24959,26100
IDI,2024-03-18 03:42:00,10.24959,10.24959,10.20793,10.20793,12700
IDI,2024-03-18 03:43:00,10.20793,10.24959,10.20793,10.20793,9400
IDI,2024-03-18 03:44:00,10.20793,10.24959,10.20793,10.20793,5500
IDI,2024-03-18 03:45:00,10.20793,10.24959,10.20793,10.24959,35500
IDI,2024-03-18 03:46:00,10.24959,10.24959,10.20793,10.24959,37600
IDI,2024-03-18 03:47:00,10.24959,10.24959,10.20793,10.24959,26600
IDI,2024-03-18 03:48:00,10.24959,10.24959,10.20793,10.24959,43700
IDI,2024-03-18 03:49:00,10.24959,10.24959,10.24959,10.24959,9400
IDI,2024-03-18 03:50:00,10.24959,10.24959,10.24959,10.24959,14500
IDI,2024-03-18 03:51:00,10.24959,10.29126,10.24959,10.29126,14700
IDI,2024-03-18 03:52:00,10.29126,10.33292,10.24959,10.29126,120600
IDI,2024-03-18 03:53:00,10.29126,10.29126,10.29126,10.29126,7500
IDI,2024-03-18 03:54:00,10.29126,10.33292,10.29126,10.33292,101100
IDI,2024-03-18 03:55:00,10.33292,10.33292,10.33292,10.33292,14900
IDI,2024-03-18 03:56:00,10.33292,10.33292,10.29126,10.33292,34400
IDI,2024-03-18 03:57:00,10.33292,10.33292,10.33292,10.33292,2000
IDI,2024-03-18 03:58:00,10.33292,10.33292,10.29126,10.29126,56400
IDI,2024-03-18 03:59:00,10.29126,10.29126,10.29126,10.29126,9000
IDI,2024-03-18 04:00:00,10.29126,10.29126,10.29126,10.29126,4000
IDI,2024-03-18 04:01:00,10.29126,10.29126,10.24959,10.24959,10700
IDI,2024-03-18 04:02:00,10.24959,10.29126,10.24959,10.29126,6700
IDI,2024-03-18 04:03:00,10.29126,10.29126,10.24959,10.24959,32200
IDI,2024-03-18 04:04:00,10.24959,10.24959,10.24959,10.24959,20900
IDI,2024-03-18 04:05:00,10.24959,10.24959,10.24959,10.24959,5000
IDI,2024-03-18 04:06:00,10.24959,10.24959,10.24959,10.24959,7400
IDI,2024-03-18 04:07:00,10.24959,10.24959,10.24959,10.24959,16300
IDI,2024-03-18 04:08:00,10.24959,10.24959,10.20793,10.24959,31100
IDI,2024-03-18 04:09:00,10.24959,10.24959,10.20793,10.20793,95900
IDI,2024-03-18 04:10:00,10.20793,10.20793,10.16626,10.16626,56400
IDI,2024-03-18 04:11:00,10.16626,10.20793,10.16626,10.16626,57800
IDI,2024-03-18 04:12:00,10.16626,10.16626,10.16626,10.16626,43200
IDI,2024-03-18 04:13:00,10.16626,10.20793,10.1246,10.1246,18700
IDI,2024-03-18 04:14:00,10.1246,10.16626,10.1246,10.1246,35700
IDI,2024-03-18 04:15:00,10.1246,10.16626,10.1246,10.1246,23700
IDI,2024-03-18 04:16:00,10.1246,10.1246,10.08293,10.1246,40800
IDI,2024-03-18 04:17:00,10.1246,10.1246,10.08293,10.08293,243200
IDI,2024-03-18 04:18:00,10.08293,10.08293,10.04127,10.04127,131800
IDI,2024-03-18 04:19:00,10.04127,10.04127,9.9996,10.04127,40500
IDI,2024-03-18 04:20:00,10.04127,10.04127,9.9996,9.9996,140800
IDI,2024-03-18 04:21:00,9.9996,10.04127,9.9996,10.04127,7000
IDI,2024-03-18 04:22:00,10.04127,10.04127,9.9996,10.04127,29600
IDI,2024-03-18 04:23:00,10.04127,10.04127,9.9996,10.04127,43900
IDI,2024-03-18 04:24:00,10.04127,10.08293,10.04127,10.08293,25900
IDI,2024-03-18 04:25:00,10.08293,10.08293,10.04127,10.08293,48200
IDI,2024-03-18 04:26:00,10.08293,10.08293,10.08293,10.08293,3800
IDI,2024-03-18 04:27:00,10.08293,10.08293,10.08293,10.08293,1500
IDI,2024-03-18 04:28:00,10.08293,10.1246,10.08293,10.1246,22700
IDI,2024-03-18 04:29:00,10.1246,10.16626,10.1246,10.1246,2200
IDI,2024-03-18 06:00:00,10.1246,10.16626,10.08293,10.1246,88700
IDI,2024-03-18 06:01:00,10.1246,10.1246,10.08293,10.08293,36700
IDI,2024-03-18 06:02:00,10.08293,10.1246,10.08293,10.1246,6500
IDI,2024-03-18 06:03:00,10.1246,10.1246,10.08293,10.08293,21600
IDI,2024-03-18 06:04:00,10.08293,10.1246,10.08293,10.1246,5000
IDI,2024-03-18 06:05:00,10.1246,10.16626,10.1246,10.16626,12400
IDI,2024-03-18 06:06:00,10.16626,10.16626,10.1246,10.1246,15000
IDI,2024-03-18 06:07:00,10.1246,10.16626,10.08293,10.1246,11000
IDI,2024-03-18 06:08:00,10.1246,10.1246,10.08293,10.1246,3300
IDI,2024-03-18 06:09:00,10.1246,10.1246,10.08293,10.1246,5500
IDI,2024-03-18 06:10:00,10.1246,10.1246,10.1246,10.1246,1500
IDI,2024-03-18 06:11:00,10.1246,10.1246,10.08293,10.08293,9900
IDI,2024-03-18 06:12:00,10.08293,10.16626,10.08293,10.16626,11800
IDI,2024-03-18 06:13:00,10.16626,10.16626,10.16626,10.16626,200
IDI,2024-03-18 06:14:00,10.16626,10.16626,10.1246,10.1246,9300
IDI,2024-03-18 06:15:00,10.1246,10.16626,10.1246,10.16626,7600
IDI,2024-03-18 06:16:00,10.16626,10.16626,10.16626,10.16626,2900
IDI,2024-03-18 06:17:00,10.16626,10.16626,10.1246,10.1246,8800
IDI,2024-03-18 06:18:00,10.1246,10.16626,10.1246,10.1246,32900
IDI,2024-03-18 06:19:00,10.1246,10.1246,10.08293,10.08293,22200
IDI,2024-03-18 06:20:00,10.08293,10.1246,10.08293,10.1246,12700
IDI,2024-03-18 06:21:00,10.1246,10.1246,10.08293,10.08293,2600
IDI,2024-03-18 06:22:00,10.08293,10.08293,10.08293,10.08293,20800
IDI,2024-03-18 06:23:00,10.08293,10.1246,10.08293,10.08293,4100
IDI,2024-03-18 06:24:00,10.08293,10.08293,10.08293,10.08293,13100
IDI,2024-03-18 06:25:00,10.08293,10.08293,10.08293,10.08293,42200
IDI,2024-03-18 06:26:00,10.08293,10.08293,10.04127,10.08293,32000
IDI,2024-03-18 06:27:00,10.08293,10.08293,10.04127,10.04127,36400
IDI,2024-03-18 06:28:00,10.04127,10.08293,10.04127,10.08293,21400
IDI,2024-03-18 06:29:00,10.08293,10.08293,10.08293,10.08293,11000
IDI,2024-03-18 06:30:00,10.08293,10.08293,10.04127,10.04127,4100
IDI,2024-03-18 06:31:00,10.04127,10.1246,10.04127,10.08293,64400
IDI,2024-03-18 06:32:00,10.08293,10.1246,10.08293,10.1246,23000
IDI,2024-03-18 06:33:00,10.1246,10.1246,10.1246,10.1246,24200
IDI,2024-03-18 06:34:00,10.1246,10.16626,10.1246,10.1246,7200
IDI,2024-03-18 06:35:00,10.1246,10.16626,10.1246,10.1246,15500
IDI,2024-03-18 06:36:00,10.1246,10.1246,10.1246,10.1246,31100
IDI,2024-03-18 06:37:00,10.1246,10.1246,10.1246,10.1246,48700
IDI,2024-03-18 06:38:00,10.1246,10.1246,10.1246,10.1246,17900
IDI,2024-03-18 06:39:00,10.1246,10.1246,10.08293,10.08293,54200
IDI,2024-03-18 06:40:00,10.08293,10.1246,10.08293,10.1246,5600
IDI,2024-03-18 06:41:00,10.1246,10.1246,10.1246,10.1246,1200
IDI,2024-03-18 06:42:00,10.1246,10.1246,10.1246,10.1246,49700
IDI,2024-03-18 06:43:00,10.1246,10.1246,10.08293,10.08293,100800
IDI,2024-03-18 06:44:00,10.08293,10.08293,10.08293,10.08293,46900
IDI,2024-03-18 06:45:00,10.08293,10.1246,10.08293,10.08293,29400
IDI,2024-03-18 06:46:00,10.08293,10.1246,10.08293,10.1246,14300
IDI,2024-03-18 06:47:00,10.1246,10.1246,10.1246,10.1246,2100
IDI,2024-03-18 06:48:00,10.1246,10.1246,10.1246,10.1246,12000
IDI,2024-03-18 06:49:00,10.1246,10.1246,10.1246,10.1246,51600
IDI,2024-03-18 06:50:00,10.1246,10.1246,10.1246,10.1246,5400
IDI,2024-03-18 06:51:00,10.1246,10.1246,10.1246,10.1246,1000
IDI,2024-03-18 06:52:00,10.1246,10.1246,10.1246,10.1246,500
IDI,2024-03-18 06:53:00,10.1246,10.16626,10.1246,10.16626,600
IDI,2024-03-18 06:54:00,10.16626,10.16626,10.16626,10.16626,32300
IDI,2024-03-18 06:55:00,10.16626,10.16626,10.16626,10.16626,6700
IDI,2024-03-18 06:56:00,10.16626,10.20793,10.16626,10.16626,20300
IDI,2024-03-18 06:57:00,10.16626,10.16626,10.16626,10.16626,15300
IDI,2024-03-18 06:58:00,10.16626,10.20793,10.16626,10.16626,12600
IDI,2024-03-18 06:59:00,10.16626,10.20793,10.16626,10.16626,3000
IDI,2024-03-18 07:00:00,10.16626,10.16626,10.16626,10.16626,27300
IDI,2024-03-18 07:01:00,10.16626,10.16626,10.1246,10.1246,101200
IDI,2024-03-18 07:02:00,10.1246,10.1246,10.08293,10.08293,31800
IDI,2024-03-18 07:03:00,10.08293,10.08293,10.08293,10.08293,141700
IDI,2024-03-18 07:04:00,10.08293,10.1246,10.08293,10.08293,29100
IDI,2024-03-18 07:05:00,10.08293,10.1246,10.08293,10.1246,7200
IDI,2024-03-18 07:06:00,10.1246,10.1246,10.1246,10.1246,900
IDI,2024-03-18 07:07:00,10.1246,10.1246,10.08293,10.08293,6100
IDI,2024-03-18 07:08:00,10.08293,10.1246,10.08293,10.1246,5000
IDI,2024-03-18 07:09:00,10.1246,10.1246,10.1246,10.1246,9000
IDI,2024-03-18 07:10:00,10.1246,10.1246,10.08293,10.1246,34000
IDI,2024-03-18 07:11:00,10.1246,10.16626,10.1246,10.16626,17700
IDI,2024-03-18 07:12:00,10.16626,10.16626,10.1246,10.1246,7700
IDI,2024-03-18 07:13:00,10.1246,10.1246,10.1246,10.1246,500
IDI,2024-03-18 07:14:00,10.1246,10.16626,10.1246,10.16626,11900
IDI,2024-03-18 07:15:00,10.16626,10.16626,10.1246,10.16626,9100
IDI,2024-03-18 07:16:00,10.16626,10.16626,10.1246,10.1246,35000
IDI,2024-03-18 07:17:00,10.1246,10.16626,10.1246,10.1246,6500
IDI,2024-03-18 07:18:00,10.1246,10.1246,10.08293,10.1246,40800
IDI,2024-03-18 07:19:00,10.1246,10.16626,10.1246,10.16626,24700
IDI,2024-03-18 07:20:00,10.16626,10.16626,10.16626,10.16626,12000
IDI,2024-03-18 07:21:00,10.16626,10.16626,10.16626,10.16626,10800
IDI,2024-03-18 07:22:00,10.16626,10.16626,10.16626,10.16626,6000
IDI,2024-03-18 07:23:00,10.16626,10.16626,10.16626,10.16626,34500
IDI,2024-03-18 07:24:00,10.16626,10.16626,10.16626,10.16626,39700
IDI,2024-03-18 07:25:00,10.16626,10.16626,10.1246,10.16626,202700
IDI,2024-03-18 07:26:00,10.16626,10.16626,10.1246,10.1246,17400
IDI,2024-03-18 07:27:00,10.1246,10.1246,10.08293,10.1246,179700
IDI,2024-03-18 07:28:00,10.1246,10.1246,10.04127,10.04127,275100
IDI,2024-03-18 07:29:00,10.04127,10.04127,10.04127,10.04127,53700
IDI,2024-03-18 07:45:00,10.16626,10.16626,10.16626,10.16626,223100
IDI,2024-03-19 02:15:00,10.24959,10.24959,10.20793,10.20793,35100
IDI,2024-03-19 02:16:00,10.20793,10.20793,10.20793,10.20793,1000
IDI,2024-03-19 02:17:00,10.20793,10.20793,10.20793,10.20793,7000
IDI,2024-03-19 02:18:00,10.20793,10.24959,10.20793,10.24959,14200
IDI,2024-03-19 02:19:00,10.24959,10.24959,10.20793,10.24959,30000
IDI,2024-03-19 02:20:00,10.24959,10.24959,10.24959,10.24959,15400
IDI,2024-03-19 02:21:00,10.24959,10.24959,10.20793,10.20793,5400
IDI,2024-03-19 02:22:00,10.20793,10.20793,10.16626,10.16626,5100
IDI,2024-03-19 02:23:00,10.16626,10.16626,10.16626,10.16626,39700
IDI,2024-03-19 02:24:00,10.16626,10.16626,10.16626,10.16626,12000
IDI,2024-03-19 02:25:00,10.16626,10.16626,10.1246,10.1246,2300
IDI,2024-03-19 02:27:00,10.1246,10.1246,10.1246,10.1246,600
IDI,2024-03-19 02:29:00,10.1246,10.16626,10.1246,10.16626,4600
IDI,2024-03-19 02:30:00,10.16626,10.16626,10.1246,10.16626,9100
IDI,2024-03-19 02:31:00,10.16626,10.16626,10.1246,10.16626,8700
IDI,2024-03-19 02:32:00,10.16626,10.16626,10.1246,10.1246,4600
IDI,2024-03-19 02:33:00,10.1246,10.1246,10.1246,10.1246,12600
IDI,2024-03-19 02:34:00,10.1246,10.16626,10.1246,10.16626,6900
IDI,2024-03-19 02:35:00,10.16626,10.16626,10.16626,10.16626,26900
IDI,2024-03-19 02:36:00,10.16626,10.16626,10.16626,10.16626,200
IDI,2024-03-19 02:37:00,10.16626,10.16626,10.16626,10.16626,22600
IDI,2024-03-19 02:38:00,10.16626,10.16626,10.16626,10.16626,4800
IDI,2024-03-19 02:39:00,10.16626,10.20793,10.16626,10.16626,1700
IDI,2024-03-19 02:40:00,10.16626,10.20793,10.16626,10.20793,1200
IDI,2024-03-19 02:41:00,10.20793,10.20793,10.16626,10.16626,15900
IDI,2024-03-19 02:42:00,10.16626,10.16626,10.16626,10.16626,10300
IDI,2024-03-19 02:43:00,10.16626,10.16626,10.16626,10.16626,4700
IDI,2024-03-19 02:44:00,10.16626,10.16626,10.16626,10.16626,1400
IDI,2024-03-19 02:45:00,10.16626,10.16626,10.1246,10.1246,100
IDI,2024-03-19 02:46:00,10.1246,10.1246,10.1246,10.1246,28200
IDI,2024-03-19 02:47:00,10.1246,10.1246,10.1246,10.1246,15000
IDI,2024-03-19 02:48:00,10.1246,10.1246,10.1246,10.1246,200
IDI,2024-03-19 02:49:00,10.1246,10.1246,10.1246,10.1246,5800
IDI,2024-03-19 02:50:00,10.1246,10.1246,10.1246,10.1246,6200
IDI,2024-03-19 02:51:00,10.1246,10.1246,10.1246,10.1246,9800
IDI,2024-03-19 02:52:00,10.1246,10.1246,10.1246,10.1246,7400
IDI,2024-03-19 02:54:00,10.1246,10.16626,10.1246,10.16626,2000
IDI,2024-03-19 02:55:00,10.16626,10.16626,10.16626,10.16626,6000
IDI,2024-03-19 02:56:00,10.16626,10.16626,10.16626,10.16626,17800
IDI,2024-03-19 02:57:00,10.16626,10.20793,10.16626,10.20793,1900
IDI,2024-03-19 02:58:00,10.20793,10.20793,10.20793,10.20793,4000
IDI,2024-03-19 02:59:00,10.20793,10.20793,10.20793,10.20793,5500
IDI,2024-03-19 03:01:00,10.20793,10.20793,10.20793,10.20793,3500
IDI,2024-03-19 03:02:00,10.20793,10.20793,10.20793,10.20793,10100
IDI,2024-03-19 03:03:00,10.20793,10.20793,10.20793,10.20793,5200
IDI,2024-03-19 03:04:00,10.20793,10.20793,10.16626,10.16626,1300
IDI,2024-03-19 03:05:00,10.16626,10.16626,10.16626,10.16626,900
IDI,2024-03-19 03:06:00,10.16626,10.20793,10.16626,10.20793,10000
IDI,2024-03-19 03:07:00,10.20793,10.20793,10.16626,10.20793,3000
IDI,2024-03-19 03:08:00,10.20793,10.20793,10.20793,10.20793,1100
IDI,2024-03-19 03:11:00,10.20793,10.20793,10.20793,10.20793,4000
IDI,2024-03-19 03:13:00,10.20793,10.20793,10.20793,10.20793,200
IDI,2024-03-19 03:14:00,10.20793,10.24959,10.20793,10.24959,1000
IDI,2024-03-19 03:15:00,10.24959,10.24959,10.24959,10.24959,200
IDI,2024-03-19 03:16:00,10.24959,10.24959,10.20793,10.20793,1600
IDI,2024-03-19 03:18:00,10.20793,10.24959,10.20793,10.24959,3900
IDI,2024-03-19 03:19:00,10.24959,10.24959,10.24959,10.24959,100
IDI,2024-03-19 03:21:00,10.24959,10.24959,10.24959,10.24959,100
IDI,2024-03-19 03:23:00,10.24959,10.24959,10.24959,10.24959,5100
IDI,2024-03-19 03:24:00,10.24959,10.24959,10.20793,10.20793,63300
IDI,2024-03-19 03:25:00,10.20793,10.20793,10.20793,10.20793,53000
IDI,2024-03-19 03:26:00,10.20793,10.20793,10.20793,10.20793,7300
IDI,2024-03-19 03:27:00,10.20793,10.24959,10.20793,10.24959,6500
IDI,2024-03-19 03:29:00,10.24959,10.24959,10.24959,10.24959,600
IDI,2024-03-19 03:30:00,10.24959,10.24959,10.24959,10.24959,200
IDI,2024-03-19 03:31:00,10.24959,10.24959,10.24959,10.24959,1000
IDI,2024-03-19 03:32:00,10.24959,10.24959,10.20793,10.20793,5100
IDI,2024-03-19 03:33:00,10.20793,10.20793,10.20793,10.20793,2000
IDI,2024-03-19 03:39:00,10.20793,10.20793,10.20793,10.20793,100
IDI,2024-03-19 03:40:00,10.20793,10.24959,10.20793,10.24959,4000
IDI,2024-03-19 03:42:00,10.24959,10.24959,10.24959,10.24959,400
IDI,2024-03-19 03:44:00,10.24959,10.24959,10.24959,10.24959,100
IDI,2024-03-19 03:45:00,10.24959,10.24959,10.24959,10.24959,28000
IDI,2024-03-19 03:47:00,10.24959,10.24959,10.20793,10.24959,36200
IDI,2024-03-19 03:48:00,10.24959,10.24959,10.20793,10.24959,7000
IDI,2024-03-19 03:49:00,10.24959,10.24959,10.24959,10.24959,28600
IDI,2024-03-19 03:50:00,10.24959,10.24959,10.24959,10.24959,45200
IDI,2024-03-19 03:51:00,10.24959,10.24959,10.24959,10.24959,1500
IDI,2024-03-19 03:52:00,10.24959,10.24959,10.24959,10.24959,29700
IDI,2024-03-19 03:53:00,10.24959,10.24959,10.20793,10.20793,2700
IDI,2024-03-19 03:55:00,10.20793,10.24959,10.20793,10.24959,2800
IDI,2024-03-19 03:56:00,10.24959,10.24959,10.24959,10.24959,2000
IDI,2024-03-19 03:58:00,10.24959,10.24959,10.24959,10.24959,2500
IDI,2024-03-19 04:00:00,10.24959,10.24959,10.24959,10.24959,1100
IDI,2024-03-19 04:01:00,10.24959,10.24959,10.24959,10.24959,26500
IDI,2024-03-19 04:02:00,10.24959,10.24959,10.24959,10.24959,8000
IDI,2024-03-19 04:04:00,10.24959,10.24959,10.24959,10.24959,100
IDI,2024-03-19 04:05:00,10.24959,10.24959,10.24959,10.24959,1100
IDI,2024-03-19 04:06:00,10.24959,10.24959,10.20793,10.24959,1700
IDI,2024-03-19 04:08:00,10.24959,10.24959,10.24959,10.24959,100
IDI,2024-03-19 04:09:00,10.24959,10.24959,10.24959,10.24959,1000
IDI,2024-03-19 04:10:00,10.24959,10.24959,10.24959,10.24959,10000
IDI,2024-03-19 04:11:00,10.24959,10.24959,10.24959,10.24959,6300
IDI,2024-03-19 04:12:00,10.24959,10.24959,10.24959,10.24959,600
IDI,2024-03-19 04:14:00,10.24959,10.24959,10.24959,10.24959,100
IDI,2024-03-19 04:15:00,10.24959,10.24959,10.20793,10.20793,8800
IDI,2024-03-19 04:17:00,10.20793,10.20793,10.20793,10.20793,300
IDI,2024-03-19 04:18:00,10.20793,10.24959,10.20793,10.24959,1400
IDI,2024-03-19 04:19:00,10.24959,10.24959,10.24959,10.24959,2600
IDI,2024-03-19 04:20:00,10.24959,10.24959,10.24959,10.24959,18100
IDI,2024-03-19 04:21:00,10.24959,10.24959,10.24959,10.24959,2700
IDI,2024-03-19 04:22:00,10.24959,10.24959,10.24959,10.24959,7300
IDI,2024-03-19 04:23:00,10.24959,10.24959,10.24959,10.24959,4600
IDI,2024-03-19 04:24:00,10.24959,10.24959,10.24959,10.24959,10400
IDI,2024-03-19 04:25:00,10.24959,10.24959,10.24959,10.24959,2000
IDI,2024-03-19 04:26:00,10.24959,10.29126,10.24959,10.29126,10000
IDI,2024-03-19 04:27:00,10.29126,10.29126,10.24959,10.24959,200
IDI,2024-03-19 04:28:00,10.24959,10.29126,10.24959,10.29126,300
IDI,2024-03-19 04:29:00,10.29126,10.29126,10.24959,10.24959,300
IDI,2024-03-19 06:00:00,10.24959,10.29126,10.24959,10.24959,43900
IDI,2024-03-19 06:03:00,10.24959,10.24959,10.24959,10.24959,100
IDI,2024-03-19 06:04:00,10.24959,10.24959,10.24959,10.24959,15000
IDI,2024-03-19 06:05:00,10.24959,10.29126,10.24959,10.29126,6100
IDI,2024-03-19 06:06:00,10.29126,10.29126,10.29126,10.29126,3500
IDI,2024-03-19 06:07:00,10.29126,10.29126,10.29126,10.29126,2700
IDI,2024-03-19 06:08:00,10.29126,10.29126,10.29126,10.29126,10800
IDI,2024-03-19 06:09:00,10.29126,10.29126,10.29126,10.29126,100
IDI,2024-03-19 06:10:00,10.29126,10.29126,10.24959,10.24959,11900
IDI,2024-03-19 06:12:00,10.24959,10.24959,10.24959,10.24959,4000
IDI,2024-03-19 06:13:00,10.24959,10.24959,10.24959,10.24959,17100
IDI,2024-03-19 06:14:00,10.24959,10.24959,10.20793,10.20793,10700
IDI,2024-03-19 06:15:00,10.20793,10.24959,10.20793,10.24959,2700
IDI,2024-03-19 06:16:00,10.24959,10.24959,10.20793,10.20793,2600
IDI,2024-03-19 06:17:00,10.20793,10.20793,10.20793,10.20793,12500
IDI,2024-03-19 06:19:00,10.20793,10.20793,10.20793,10.20793,21000
IDI,2024-03-19 06:20:00,10.20793,10.20793,10.20793,10.20793,2400
IDI,2024-03-19 06:21:00,10.20793,10.24959,10.20793,10.24959,3800
IDI,2024-03-19 06:22:00,10.24959,10.24959,10.24959,10.24959,2000
IDI,2024-03-19 06:23:00,10.24959,10.24959,10.20793,10.24959,13400
IDI,2024-03-19 06:25:00,10.24959,10.24959,10.24959,10.24959,3400
IDI,2024-03-19 06:26:00,10.24959,10.24959,10.24959,10.24959,6400
IDI,2024-03-19 06:28:00,10.24959,10.24959,10.24959,10.24959,18700
IDI,2024-03-19 06:29:00,10.24959,10.24959,10.24959,10.24959,3300
IDI,2024-03-19 06:30:00,10.24959,10.29126,10.24959,10.29126,1200
IDI,2024-03-19 06:31:00,10.29126,10.29126,10.24959,10.24959,6000
IDI,2024-03-19 06:32:00,10.24959,10.24959,10.24959,10.24959,5600
IDI,2024-03-19 06:33:00,10.24959,10.24959,10.20793,10.24959,10400
IDI,2024-03-19 06:34:00,10.24959,10.24959,10.20793,10.24959,6500
IDI,2024-03-19 06:35:00,10.24959,10.24959,10.24959,10.24959,900
IDI,2024-03-19 06:36:00,10.24959,10.24959,10.24959,10.24959,2800
IDI,2024-03-19 06:37:00,10.24959,10.24959,10.24959,10.24959,1000
IDI,2024-03-19 06:38:00,10.24959,10.24959,10.24959,10.24959,700
IDI,2024-03-19 06:39:00,10.24959,10.24959,10.20793,10.24959,4800
IDI,2024-03-19 06:40:00,10.24959,10.24959,10.20793,10.20793,1400
IDI,2024-03-19 06:41:00,10.20793,10.24959,10.20793,10.20793,4800
IDI,2024-03-19 06:42:00,10.20793,10.24959,10.20793,10.20793,49200
IDI,2024-03-19 06:43:00,10.20793,10.20793,10.16626,10.20793,8500
IDI,2024-03-19 06:44:00,10.20793,10.24959,10.20793,10.20793,800
IDI,2024-03-19 06:45:00,10.20793,10.24959,10.16626,10.20793,16800
IDI,2024-03-19 06:46:00,10.20793,10.20793,10.16626,10.20793,3300
IDI,2024-03-19 06:47:00,10.20793,10.20793,10.16626,10.20793,2400
IDI,2024-03-19 06:48:00,10.20793,10.20793,10.16626,10.16626,1100
IDI,2024-03-19 06:49:00,10.16626,10.20793,10.16626,10.20793,11900
IDI,2024-03-19 06:50:00,10.20793,10.24959,10.16626,10.20793,5000
IDI,2024-03-19 06:51:00,10.20793,10.24959,10.20793,10.20793,200
IDI,2024-03-19 06:52:00,10.20793,10.24959,10.20793,10.24959,1200
IDI,2024-03-19 06:53:00,10.24959,10.24959,10.20793,10.20793,1200
IDI,2024-03-19 06:54:00,10.20793,10.24959,10.20793,10.20793,12700
IDI,2024-03-19 06:55:00,10.20793,10.20793,10.16626,10.20793,70400
IDI,2024-03-19 06:56:00,10.20793,10.20793,10.20793,10.20793,700
IDI,2024-03-19 06:57:00,10.20793,10.20793,10.16626,10.16626,20200
IDI,2024-03-19 06:58:00,10.16626,10.20793,10.16626,10.20793,11800
IDI,2024-03-19 06:59:00,10.20793,10.20793,10.16626,10.20793,8100
IDI,2024-03-19 07:00:00,10.20793,10.20793,10.16626,10.16626,200
IDI,2024-03-19 07:01:00,10.16626,10.20793,10.16626,10.20793,2600
IDI,2024-03-19 07:02:00,10.20793,10.20793,10.20793,10.20793,200
IDI,2024-03-19 07:03:00,10.20793,10.20793,10.20793,10.20793,200
IDI,2024-03-19 07:04:00,10.20793,10.20793,10.20793,10.20793,1200
IDI,2024-03-19 07:05:00,10.20793,10.20793,10.20793,10.20793,800
IDI,2024-03-19 07:06:00,10.20793,10.20793,10.20793,10.20793,7400
IDI,2024-03-19 07:07:00,10.20793,10.20793,10.20793,10.20793,200
IDI,2024-03-19 07:08:00,10.20793,10.20793,10.20793,10.20793,6200
IDI,2024-03-19 07:09:00,10.20793,10.20793,10.20793,10.20793,1200
IDI,2024-03-19 07:10:00,10.20793,10.20793,10.20793,10.20793,8700
IDI,2024-03-19 07:11:00,10.20793,10.20793,10.16626,10.20793,8900
IDI,2024-03-19 07:12:00,10.20793,10.20793,10.16626,10.16626,15600
IDI,2024-03-19 07:13:00,10.16626,10.16626,10.16626,10.16626,90300
IDI,2024-03-19 07:14:00,10.16626,10.16626,10.16626,10.16626,2300
IDI,2024-03-19 07:15:00,10.16626,10.20793,10.16626,10.16626,7600
IDI,2024-03-19 07:16:00,10.16626,10.20793,10.16626,10.16626,21500
IDI,2024-03-19 07:17:00,10.16626,10.20793,10.16626,10.20793,12300
IDI,2024-03-19 07:18:00,10.20793,10.20793,10.20793,10.20793,200
IDI,2024-03-19 07:19:00,10.20793,10.20793,10.20793,10.20793,400
IDI,2024-03-19 07:20:00,10.20793,10.20793,10.16626,10.16626,200
IDI,2024-03-19 07:21:00,10.16626,10.20793,10.16626,10.20793,400
IDI,2024-03-19 07:22:00,10.20793,10.20793,10.20793,10.20793,200
IDI,2024-03-19 07:23:00,10.20793,10.20793,10.20793,10.20793,200
IDI,2024-03-19 07:24:00,10.20793,10.20793,10.16626,10.16626,18800
IDI,2024-03-19 07:25:00,10.16626,10.16626,10.16626,10.16626,2400
IDI,2024-03-19 07:26:00,10.16626,10.20793,10.16626,10.20793,600
IDI,2024-03-19 07:27:00,10.20793,10.20793,10.16626,10.16626,12100
IDI,2024-03-19 07:28:00,10.16626,10.20793,10.16626,10.20793,11900
IDI,2024-03-19 07:29:00,10.20793,10.20793,10.16626,10.16626,2100
IDI,2024-03-19 07:45:00,10.20793,10.20793,10.20793,10.20793,125200
IDI,2024-03-20 02:15:00,10.20793,10.20793,10.20793,10.20793,21200
IDI,2024-03-20 02:16:00,10.20793,10.24959,10.20793,10.24959,900
IDI,2024-03-20 02:17:00,10.24959,10.24959,10.24959,10.24959,6000
IDI,2024-03-20 02:18:00,10.24959,10.24959,10.24959,10.24959,100
IDI,2024-03-20 02:19:00,10.24959,10.24959,10.24959,10.24959,100
IDI,2024-03-20 02:20:00,10.24959,10.24959,10.24959,10.24959,1000
IDI,2024-03-20 02:21:00,10.24959,10.24959,10.20793,10.20793,18600
IDI,2024-03-20 02:23:00,10.20793,10.20793,10.20793,10.20793,200
IDI,2024-03-20 02:24:00,10.20793,10.20793,10.20793,10.20793,5000
IDI,2024-03-20 02:25:00,10.20793,10.20793,10.20793,10.20793,100
IDI,2024-03-20 02:26:00,10.20793,10.20793,10.20793,10.20793,8600
IDI,2024-03-20 02:27:00,10.20793,10.20793,10.20793,10.20793,4100
IDI,2024-03-20 02:28:00,10.20793,10.20793,10.16626,10.16626,11700
IDI,2024-03-20 02:29:00,10.16626,10.16626,10.16626,10.16626,100
IDI,2024-03-20 02:30:00,10.16626,10.16626,10.16626,10.16626,3000
IDI,2024-03-20 02:31:00,10.16626,10.20793,10.16626,10.20793,900
IDI,2024-03-20 02:32:00,10.20793,10.20793,10.20793,10.20793,29000
IDI,2024-03-20 02:33:00,10.20793,10.20793,10.20793,10.20793,15100
IDI,2024-03-20 02:34:00,10.20793,10.24959,10.20793,10.20793,17900
IDI,2024-03-20 02:35:00,10.20793,10.24959,10.20793,10.24959,13600
IDI,2024-03-20 02:36:00,10.24959,10.24959,10.24959,10.24959,5300
IDI,2024-03-20 02:40:00,10.24959,10.24959,10.20793,10.20793,37600
IDI,2024-03-20 02:42:00,10.20793,10.20793,10.16626,10.20793,10000
IDI,2024-03-20 02:46:00,10.20793,10.20793,10.20793,10.20793,100
IDI,2024-03-20 02:47:00,10.20793,10.20793,10.16626,10.16626,100
IDI,2024-03-20 02:49:00,10.16626,10.16626,10.16626,10.16626,47900
IDI,2024-03-20 02:50:00,10.16626,10.16626,10.16626,10.16626,3100
IDI,2024-03-20 02:52:00,10.16626,10.16626,10.16626,10.16626,800
IDI,2024-03-20 02:53:00,10.16626,10.16626,10.16626,10.16626,1000
IDI,2024-03-20 02:54:00,10.16626,10.16626,10.16626,10.16626,3000
IDI,2024-03-20 02:55:00,10.16626,10.16626,10.16626,10.16626,500
IDI,2024-03-20 02:56:00,10.16626,10.16626,10.16626,10.16626,500
IDI,2024-03-20 02:57:00,10.16626,10.16626,10.1246,10.16626,9400
IDI,2024-03-20 02:58:00,10.16626,10.16626,10.16626,10.16626,10000
IDI,2024-03-20 02:59:00,10.16626,10.16626,10.1246,10.1246,50000
IDI,2024-03-20 03:00:00,10.1246,10.16626,10.1246,10.1246,5200
IDI,2024-03-20 03:02:00,10.1246,10.1246,10.1246,10.1246,5100
IDI,2024-03-20 03:03:00,10.1246,10.1246,10.1246,10.1246,22000
IDI,2024-03-20 03:04:00,10.1246,10.1246,10.08293,10.1246,14100
IDI,2024-03-20 03:05:00,10.1246,10.1246,10.1246,10.1246,200
IDI,2024-03-20 03:06:00,10.1246,10.1246,10.08293,10.08293,6100
IDI,2024-03-20 03:07:00,10.08293,10.1246,10.08293,10.08293,72000
IDI,2024-03-20 03:08:00,10.08293,10.08293,10.08293,10.08293,51500
IDI,2024-03-20 03:09:00,10.08293,10.1246,10.08293,10.08293,58300
IDI,2024-03-20 03:10:00,10.08293,10.08293,10.08293,10.08293,100
IDI,2024-03-20 03:11:00,10.08293,10.1246,10.08293,10.1246,27800
IDI,2024-03-20 03:12:00,10.1246,10.16626,10.1246,10.16626,6500
IDI,2024-03-20 03:13:00,10.16626,10.16626,10.16626,10.16626,400
IDI,2024-03-20 03:14:00,10.16626,10.16626,10.16626,10.16626,900
IDI,2024-03-20 03:17:00,10.16626,10.16626,10.1246,10.1246,100
IDI,2024-03-20 03:20:00,10.1246,10.1246,10.08293,10.1246,30000
IDI,2024-03-20 03:21:00,10.1246,10.1246,10.1246,10.1246,3000
IDI,2024-03-20 03:22:00,10.1246,10.1246,10.1246,10.1246,3900
IDI,2024-03-20 03:23:00,10.1246,10.16626,10.1246,10.16626,4900
IDI,2024-03-20 03:24:00,10.16626,10.16626,10.16626,10.16626,700
IDI,2024-03-20 03:25:00,10.16626,10.16626,10.16626,10.16626,200
IDI,2024-03-20 03:26:00,10.16626,10.16626,10.16626,10.16626,1700
IDI,2024-03-20 03:27:00,10.16626,10.16626,10.1246,10.16626,500
IDI,2024-03-20 03:29:00,10.16626,10.16626,10.16626,10.16626,1100
IDI,2024-03-20 03:30:00,10.16626,10.16626,10.16626,10.16626,1000
IDI,2024-03-20 03:31:00,10.16626,10.16626,10.16626,10.16626,6400
IDI,2024-03-20 03:33:00,10.16626,10.16626,10.16626,10.16626,10000
IDI,2024-03-20 03:34:00,10.16626,10.16626,10.16626,10.16626,2000
IDI,2024-03-20 03:35:00,10.16626,10.16626,10.16626,10.16626,15000
IDI,2024-03-20 03:36:00,10.16626,10.16626,10.16626,10.16626,3500
IDI,2024-03-20 03:37:00,10.16626,10.16626,10.16626,10.16626,2300
IDI,2024-03-20 03:38:00,10.16626,10.16626,10.16626,10.16626,100
IDI,2024-03-20 03:39:00,10.16626,10.16626,10.16626,10.16626,4900
IDI,2024-03-20 03:41:00,10.16626,10.16626,10.16626,10.16626,11700
IDI,2024-03-20 03:42:00,10.16626,10.20793,10.1246,10.20793,200
IDI,2024-03-20 03:43:00,10.20793,10.20793,10.20793,10.20793,100
IDI,2024-03-20 03:44:00,10.20793,10.20793,10.20793,10.20793,100
IDI,2024-03-20 03:46:00,10.20793,10.20793,10.20793,10.20793,1500
IDI,2024-03-20 03:47:00,10.20793,10.20793,10.20793,10.20793,2000
IDI,2024-03-20 03:48:00,10.20793,10.20793,10.16626,10.20793,3100
IDI,2024-03-20 03:49:00,10.20793,10.20793,10.20793,10.20793,2400
IDI,2024-03-20 03:52:00,10.20793,10.20793,10.20793,10.20793,5000
IDI,2024-03-20 03:55:00,10.20793,10.20793,10.20793,10.20793,200
IDI,2024-03-20 03:56:00,10.20793,10.20793,10.20793,10.20793,1700
IDI,2024-03-20 03:57:00,10.20793,10.24959,10.16626,10.24959,14400
IDI,2024-03-20 04:02:00,10.24959,10.24959,10.20793,10.20793,2000
IDI,2024-03-20 04:03:00,10.20793,10.20793,10.20793,10.20793,5000
IDI,2024-03-20 04:04:00,10.20793,10.24959,10.20793,10.24959,1000
IDI,2024-03-20 04:05:00,10.24959,10.24959,10.24959,10.24959,2000
IDI,2024-03-20 04:09:00,10.24959,10.24959,10.20793,10.20793,9100
IDI,2024-03-20 04:10:00,10.20793,10.24959,10.20793,10.20793,5100
IDI,2024-03-20 04:11:00,10.20793,10.20793,10.20793,10.20793,10000
IDI,2024-03-20 04:14:00,10.20793,10.20793,10.20793,10.20793,1000
IDI,2024-03-20 04:15:00,10.20793,10.20793,10.20793,10.20793,5000
IDI,2024-03-20 04:16:00,10.20793,10.20793,10.20793,10.20793,7000
IDI,2024-03-20 04:18:00,10.20793,10.20793,10.20793,10.20793,13400
IDI,2024-03-20 04:19:00,10.20793,10.20793,10.20793,10.20793,1000
IDI,2024-03-20 04:20:00,10.20793,10.20793,10.20793,10.20793,1000
IDI,2024-03-20 04:21:00,10.20793,10.20793,10.20793,10.20793,3000
IDI,2024-03-20 04:25:00,10.20793,10.20793,10.16626,10.16626,100
IDI,2024-03-20 06:00:00,10.16626,10.16626,10.16626,10.16626,5000
IDI,2024-03-20 06:01:00,10.16626,10.16626,10.16626,10.16626,10000
IDI,2024-03-20 06:02:00,10.16626,10.16626,10.16626,10.16626,2600
IDI,2024-03-20 06:04:00,10.16626,10.16626,10.1246,10.1246,36900
IDI,2024-03-20 06:05:00,10.1246,10.16626,10.1246,10.16626,20200
IDI,2024-03-20 06:06:00,10.16626,10.16626,10.16626,10.16626,12500
IDI,2024-03-20 06:07:00,10.16626,10.16626,10.1246,10.16626,65900
IDI,2024-03-20 06:08:00,10.16626,10.16626,10.16626,10.16626,10500
IDI,2024-03-20 06:10:00,10.16626,10.16626,10.16626,10.16626,1500
IDI,2024-03-20 06:11:00,10.16626,10.16626,10.16626,10.16626,5000
IDI,2024-03-20 06:12:00,10.16626,10.16626,10.16626,10.16626,21400
IDI,2024-03-20 06:13:00,10.16626,10.16626,10.16626,10.16626,3000
IDI,2024-03-20 06:14:00,10.16626,10.16626,10.16626,10.16626,11000
IDI,2024-03-20 06:15:00,10.16626,10.16626,10.16626,10.16626,3000
IDI,2024-03-20 06:16:00,10.16626,10.20793,10.16626,10.20793,5200
IDI,2024-03-20 06:17:00,10.20793,10.20793,10.16626,10.20793,1400
IDI,2024-03-20 06:20:00,10.20793,10.20793,10.16626,10.16626,4000
IDI,2024-03-20 06:21:00,10.16626,10.20793,10.16626,10.20793,1000
IDI,2024-03-20 06:22:00,10.20793,10.20793,10.20793,10.20793,2200
IDI,2024-03-20 06:23:00,10.20793,10.20793,10.20793,10.20793,19200
IDI,2024-03-20 06:24:00,10.20793,10.20793,10.20793,10.20793,3800
IDI,2024-03-20 06:25:00,10.20793,10.20793,10.16626,10.20793,47900
IDI,2024-03-20 06:26:00,10.20793,10.24959,10.20793,10.20793,2100
IDI,2024-03-20 06:27:00,10.20793,10.24959,10.20793,10.24959,2500
IDI,2024-03-20 06:28:00,10.24959,10.24959,10.24959,10.24959,20000
IDI,2024-03-20 06:29:00,10.24959,10.24959,10.24959,10.24959,3000
IDI,2024-03-20 06:30:00,10.24959,10.24959,10.20793,10.20793,3000
IDI,2024-03-20 06:31:00,10.20793,10.24959,10.20793,10.20793,14900
IDI,2024-03-20 06:32:00,10.20793,10.20793,10.20793,10.20793,500
IDI,2024-03-20 06:33:00,10.20793,10.24959,10.20793,10.24959,600
IDI,2024-03-20 06:34:00,10.24959,10.24959,10.20793,10.20793,16700
IDI,2024-03-20 06:35:00,10.20793,10.24959,10.20793,10.24959,1100
IDI,2024-03-20 06:36:00,10.24959,10.24959,10.20793,10.20793,45500
IDI,2024-03-20 06:37:00,10.20793,10.20793,10.20793,10.20793,1100
IDI,2024-03-20 06:38:00,10.20793,10.20793,10.20793,10.20793,1100
IDI,2024-03-20 06:39:00,10.20793,10.20793,10.20793,10.20793,19100
IDI,2024-03-20 06:40:00,10.20793,10.20793,10.20793,10.20793,8600
IDI,2024-03-20 06:41:00,10.20793,10.20793,10.20793,10.20793,15500
IDI,2024-03-20 06:42:00,10.20793,10.20793,10.20793,10.20793,3300
IDI,2024-03-20 06:43:00,10.20793,10.20793,10.20793,10.20793,1900
IDI,2024-03-20 06:44:00,10.20793,10.24959,10.20793,10.24959,50600
IDI,2024-03-20 06:45:00,10.24959,10.24959,10.20793,10.20793,8700
IDI,2024-03-20 06:46:00,10.20793,10.20793,10.20793,10.20793,50000
IDI,2024-03-20 06:47:00,10.20793,10.20793,10.20793,10.20793,110000
IDI,2024-03-20 06:48:00,10.20793,10.20793,10.16626,10.20793,75100
IDI,2024-03-20 06:49:00,10.20793,10.20793,10.16626,10.20793,64600
IDI,2024-03-20 06:50:00,10.20793,10.24959,10.20793,10.24959,4400
IDI,2024-03-20 06:51:00,10.24959,10.24959,10.24959,10.24959,400
IDI,2024-03-20 06:53:00,10.24959,10.24959,10.24959,10.24959,600
IDI,2024-03-20 06:54:00,10.24959,10.24959,10.24959,10.24959,26300
IDI,2024-03-20 06:55:00,10.24959,10.29126,10.24959,10.29126,252300
IDI,2024-03-20 06:56:00,10.29126,10.33292,10.29126,10.29126,53400
IDI,2024-03-20 06:57:00,10.29126,10.33292,10.29126,10.33292,600
IDI,2024-03-20 06:58:00,10.33292,10.33292,10.29126,10.29126,32900
IDI,2024-03-20 07:00:00,10.29126,10.29126,10.29126,10.29126,100
IDI,2024-03-20 07:01:00,10.29126,10.29126,10.24959,10.24959,12900
IDI,2024-03-20 07:02:00,10.24959,10.24959,10.24959,10.24959,27900
IDI,2024-03-20 07:03:00,10.24959,10.24959,10.24959,10.24959,23800
IDI,2024-03-20 07:04:00,10.24959,10.24959,10.24959,10.24959,100
IDI,2024-03-20 07:05:00,10.24959,10.29126,10.24959,10.24959,2300
IDI,2024-03-20 07:06:00,10.24959,10.29126,10.24959,10.29126,100
IDI,2024-03-20 07:08:00,10.29126,10.29126,10.29126,10.29126,1000
IDI,2024-03-20 07:09:00,10.29126,10.29126,10.24959,10.24959,7700
IDI,2024-03-20 07:10:00,10.24959,10.29126,10.24959,10.29126,2200
IDI,2024-03-20 07:11:00,10.29126,10.33292,10.24959,10.33292,34200
IDI,2024-03-20 07:12:00,10.33292,10.33292,10.29126,10.33292,1900
IDI,2024-03-20 07:13:00,10.33292,10.33292,10.29126,10.33292,16400
IDI,2024-03-20 07:14:00,10.33292,10.37459,10.33292,10.37459,66400
IDI,2024-03-20 07:15:00,10.37459,10.37459,10.37459,10.37459,25700
IDI,2024-03-20 07:16:00,10.37459,10.37459,10.37459,10.37459,4900
IDI,2024-03-20 07:17:00,10.37459,10.37459,10.37459,10.37459,24300
IDI,2024-03-20 07:18:00,10.37459,10.37459,10.33292,10.37459,5000
IDI,2024-03-20 07:19:00,10.37459,10.37459,10.37459,10.37459,2100
IDI,2024-03-20 07:20:00,10.37459,10.37459,10.33292,10.33292,12900
IDI,2024-03-20 07:21:00,10.33292,10.37459,10.33292,10.37459,5100
IDI,2024-03-20 07:23:00,10.37459,10.41625,10.37459,10.41625,46700
IDI,2024-03-20 07:24:00,10.41625,10.41625,10.33292,10.33292,32100
IDI,2024-03-20 07:25:00,10.33292,10.33292,10.33292,10.33292,21800
IDI,2024-03-20 07:26:00,10.33292,10.33292,10.29126,10.29126,4500
IDI,2024-03-20 07:27:00,10.29126,10.29126,10.29126,10.29126,4700
IDI,2024-03-20 07:28:00,10.29126,10.29126,10.29126,10.29126,32300
IDI,2024-03-20 07:45:00,10.33292,10.33292,10.33292,10.33292,130800
IDI,2024-03-21 02:15:00,10.45792,10.45792,10.45792,10.45792,66900
IDI,2024-03-21 02:16:00,10.45792,10.45792,10.41625,10.45792,13200
IDI,2024-03-21 02:17:00,10.45792,10.49958,10.45792,10.49958,42600
IDI,2024-03-21 02:18:00,10.49958,10.49958,10.45792,10.45792,79400
IDI,2024-03-21 02:19:00,10.45792,10.45792,10.45792,10.45792,22100
IDI,2024-03-21 02:20:00,10.45792,10.49958,10.41625,10.41625,38900
IDI,2024-03-21 02:21:00,10.41625,10.41625,10.41625,10.41625,3600
IDI,2024-03-21 02:22:00,10.41625,10.41625,10.41625,10.41625,2100
IDI,2024-03-21 02:23:00,10.41625,10.41625,10.41625,10.41625,26100
IDI,2024-03-21 02:24:00,10.41625,10.41625,10.41625,10.41625,51700
IDI,2024-03-21 02:25:00,10.41625,10.41625,10.41625,10.41625,500
IDI,2024-03-21 02:26:00,10.41625,10.41625,10.37459,10.41625,700
IDI,2024-03-21 02:27:00,10.41625,10.41625,10.37459,10.37459,40200
IDI,2024-03-21 02:28:00,10.37459,10.41625,10.37459,10.41625,5200
IDI,2024-03-21 02:29:00,10.41625,10.41625,10.37459,10.37459,1100
IDI,2024-03-21 02:30:00,10.37459,10.41625,10.37459,10.41625,1600
IDI,2024-03-21 02:31:00,10.41625,10.41625,10.37459,10.37459,3000
IDI,2024-03-21 02:33:00,10.37459,10.37459,10.37459,10.37459,300
IDI,2024-03-21 02:34:00,10.37459,10.37459,10.37459,10.37459,69200
IDI,2024-03-21 02:35:00,10.37459,10.37459,10.33292,10.33292,32900
IDI,2024-03-21 02:36:00,10.33292,10.33292,10.33292,10.33292,1000
IDI,2024-03-21 02:37:00,10.33292,10.37459,10.33292,10.37459,1200
IDI,2024-03-21 02:38:00,10.37459,10.37459,10.37459,10.37459,100
IDI,2024-03-21 02:39:00,10.37459,10.37459,10.37459,10.37459,600
IDI,2024-03-21 02:40:00,10.37459,10.37459,10.37459,10.37459,300
IDI,2024-03-21 02:41:00,10.37459,10.37459,10.33292,10.33292,102000
IDI,2024-03-21 02:42:00,10.33292,10.33292,10.33292,10.33292,600
IDI,2024-03-21 02:43:00,10.33292,10.33292,10.33292,10.33292,21600
IDI,2024-03-21 02:44:00,10.33292,10.33292,10.33292,10.33292,4400
IDI,2024-03-21 02:45:00,10.33292,10.33292,10.33292,10.33292,500
IDI,2024-03-21 02:47:00,10.33292,10.33292,10.33292,10.33292,300
IDI,2024-03-21 02:48:00,10.33292,10.33292,10.33292,10.33292,1000
IDI,2024-03-21 02:49:00,10.33292,10.33292,10.33292,10.33292,100
IDI,2024-03-21 02:50:00,10.33292,10.37459,10.33292,10.37459,50800
IDI,2024-03-21 02:51:00,10.37459,10.41625,10.37459,10.41625,108500
IDI,2024-03-21 02:52:00,10.41625,10.45792,10.41625,10.45792,76500
IDI,2024-03-21 02:53:00,10.45792,10.49958,10.45792,10.49958,30500
IDI,2024-03-21 02:54:00,10.49958,10.62458,10.45792,10.62458,278600
IDI,2024-03-21 02:55:00,10.62458,10.66624,10.58291,10.62458,57800
IDI,2024-03-21 02:56:00,10.62458,10.62458,10.58291,10.58291,76200
IDI,2024-03-21 02:57:00,10.58291,10.58291,10.54125,10.58291,20100
IDI,2024-03-21 02:58:00,10.58291,10.66624,10.58291,10.66624,197500
IDI,2024-03-21 02:59:00,10.66624,10.74957,10.66624,10.74957,223900
IDI,2024-03-21 03:00:00,10.74957,10.79124,10.74957,10.79124,32500
IDI,2024-03-21 03:01:00,10.79124,10.79124,10.70791,10.74957,115100
IDI,2024-03-21 03:02:00,10.74957,10.74957,10.66624,10.66624,39400
IDI,2024-03-21 03:03:00,10.66624,10.66624,10.66624,10.66624,45600
IDI,2024-03-21 03:04:00,10.66624,10.66624,10.66624,10.66624,23600
IDI,2024-03-21 03:05:00,10.66624,10.70791,10.66624,10.70791,48000
IDI,2024-03-21 03:06:00,10.70791,10.74957,10.66624,10.74957,24400
IDI,2024-03-21 03:07:00,10.74957,10.74957,10.70791,10.70791,54800
IDI,2024-03-21 03:08:00,10.70791,10.74957,10.70791,10.74957,12300
IDI,2024-03-21 03:09:00,10.74957,10.74957,10.70791,10.70791,18700
IDI,2024-03-21 03:10:00,10.70791,10.74957,10.70791,10.70791,15800
IDI,2024-03-21 03:11:00,10.70791,10.70791,10.70791,10.70791,25200
IDI,2024-03-21 03:12:00,10.70791,10.70791,10.66624,10.66624,15700
IDI,2024-03-21 03:13:00,10.66624,10.66624,10.66624,10.66624,4500
IDI,2024-03-21 03:14:00,10.66624,10.66624,10.66624,10.66624,18400
IDI,2024-03-21 03:15:00,10.66624,10.70791,10.62458,10.62458,19000
IDI,2024-03-21 03:16:00,10.62458,10.66624,10.62458,10.66624,13900
IDI,2024-03-21 03:17:00,10.66624,10.66624,10.66624,10.66624,15000
IDI,2024-03-21 03:18:00,10.66624,10.66624,10.66624,10.66624,23400
IDI,2024-03-21 03:19:00,10.66624,10.66624,10.62458,10.66624,51700
IDI,2024-03-21 03:20:00,10.66624,10.74957,10.66624,10.74957,104000
IDI,2024-03-21 03:22:00,10.74957,10.74957,10.66624,10.66624,21500
IDI,2024-03-21 03:23:00,10.66624,10.66624,10.62458,10.62458,15000
IDI,2024-03-21 03:24:00,10.62458,10.66624,10.58291,10.58291,69500
IDI,2024-03-21 03:26:00,10.58291,10.62458,10.58291,10.62458,2700
IDI,2024-03-21 03:27:00,10.62458,10.62458,10.62458,10.62458,5700
IDI,2024-03-21 03:28:00,10.62458,10.62458,10.58291,10.62458,7700
IDI,2024-03-21 03:29:00,10.62458,10.62458,10.58291,10.58291,7700
IDI,2024-03-21 03:30:00,10.58291,10.62458,10.58291,10.62458,13500
IDI,2024-03-21 03:31:00,10.62458,10.62458,10.62458,10.62458,30700
IDI,2024-03-21 03:32:00,10.62458,10.62458,10.62458,10.62458,12100
IDI,2024-03-21 03:33:00,10.62458,10.62458,10.62458,10.62458,30100
IDI,2024-03-21 03:34:00,10.62458,10.62458,10.62458,10.62458,100
IDI,2024-03-21 03:35:00,10.62458,10.62458,10.62458,10.62458,200
IDI,2024-03-21 03:36:00,10.62458,10.66624,10.62458,10.62458,4000
IDI,2024-03-21 03:37:00,10.62458,10.66624,10.62458,10.66624,2500
IDI,2024-03-21 03:38:00,10.66624,10.66624,10.66624,10.66624,5300
IDI,2024-03-21 03:39:00,10.66624,10.66624,10.66624,10.66624,5500
IDI,2024-03-21 03:40:00,10.66624,10.66624,10.66624,10.66624,3800
IDI,2024-03-21 03:41:00,10.66624,10.66624,10.62458,10.62458,200
IDI,2024-03-21 03:42:00,10.62458,10.66624,10.62458,10.66624,6800
IDI,2024-03-21 03:43:00,10.66624,10.66624,10.66624,10.66624,5800
IDI,2024-03-21 03:44:00,10.66624,10.66624,10.66624,10.66624,33000
IDI,2024-03-21 03:45:00,10.66624,10.66624,10.66624,10.66624,10000
IDI,2024-03-21 03:46:00,10.66624,10.66624,10.66624,10.66624,10600
IDI,2024-03-21 03:47:00,10.66624,10.66624,10.66624,10.66624,3400
IDI,2024-03-21 03:48:00,10.66624,10.66624,10.66624,10.66624,9300
IDI,2024-03-21 03:50:00,10.66624,10.66624,10.66624,10.66624,200
IDI,2024-03-21 03:51:00,10.66624,10.66624,10.66624,10.66624,100
IDI,2024-03-21 03:52:00,10.66624,10.66624,10.62458,10.66624,2300
IDI,2024-03-21 03:53:00,10.66624,10.66624,10.66624,10.66624,3600
IDI,2024-03-21 03:54:00,10.66624,10.66624,10.66624,10.66624,2600
IDI,2024-03-21 03:55:00,10.66624,10.66624,10.66624,10.66624,11100
IDI,2024-03-21 03:56:00,10.66624,10.66624,10.66624,10.66624,200
IDI,2024-03-21 03:57:00,10.66624,10.66624,10.66624,10.66624,200
IDI,2024-03-21 03:58:00,10.66624,10.66624,10.62458,10.62458,200
IDI,2024-03-21 03:59:00,10.62458,10.62458,10.62458,10.62458,20000
IDI,2024-03-21 04:00:00,10.62458,10.62458,10.62458,10.62458,5900
IDI,2024-03-21 04:01:00,10.62458,10.62458,10.62458,10.62458,11600
IDI,2024-03-21 04:02:00,10.62458,10.66624,10.62458,10.66624,2500
IDI,2024-03-21 04:03:00,10.66624,10.66624,10.62458,10.62458,1500
IDI,2024-03-21 04:04:00,10.62458,10.62458,10.62458,10.62458,35000
IDI,2024-03-21 04:05:00,10.62458,10.62458,10.62458,10.62458,4100
IDI,2024-03-21 04:06:00,10.62458,10.62458,10.62458,10.62458,500
IDI,2024-03-21 04:07:00,10.62458,10.62458,10.62458,10.62458,7800
IDI,2024-03-21 04:08:00,10.62458,10.62458,10.62458,10.62458,300
IDI,2024-03-21 04:09:00,10.62458,10.62458,10.62458,10.62458,1000
IDI,2024-03-21 04:10:00,10.62458,10.62458,10.62458,10.62458,6300
IDI,2024-03-21 04:11:00,10.62458,10.62458,10.62458,10.62458,2400
IDI,2024-03-21 04:12:00,10.62458,10.62458,10.58291,10.58291,5500
IDI,2024-03-21 04:13:00,10.58291,10.62458,10.58291,10.62458,3000
IDI,2024-03-21 04:15:00,10.62458,10.62458,10.62458,10.62458,16900
IDI,2024-03-21 04:16:00,10.62458,10.62458,10.62458,10.62458,7200
IDI,2024-03-21 04:17:00,10.62458,10.66624,10.62458,10.62458,10100
IDI,2024-03-21 04:19:00,10.62458,10.62458,10.62458,10.62458,10000
IDI,2024-03-21 04:20:00,10.62458,10.62458,10.62458,10.62458,5200
IDI,2024-03-21 04:22:00,10.62458,10.62458,10.62458,10.62458,23000
IDI,2024-03-21 04:23:00,10.62458,10.62458,10.58291,10.58291,103000
IDI,2024-03-21 04:24:00,10.58291,10.62458,10.58291,10.62458,2000
IDI,2024-03-21 04:25:00,10.62458,10.62458,10.62458,10.62458,1400
IDI,2024-03-21 04:26:00,10.62458,10.62458,10.62458,10.62458,200
IDI,2024-03-21 04:27:00,10.62458,10.62458,10.58291,10.58291,12800
IDI,2024-03-21 06:00:00,10.58291,10.66624,10.58291,10.66624,34400
IDI,2024-03-21 06:01:00,10.66624,10.66624,10.62458,10.62458,34200
IDI,2024-03-21 06:02:00,10.62458,10.62458,10.62458,10.62458,13000
IDI,2024-03-21 06:03:00,10.62458,10.62458,10.62458,10.62458,39200
IDI,2024-03-21 06:04:00,10.62458,10.62458,10.58291,10.58291,7100
IDI,2024-03-21 06:05:00,10.58291,10.62458,10.58291,10.58291,5200
IDI,2024-03-21 06:06:00,10.58291,10.62458,10.58291,10.62458,15000
IDI,2024-03-21 06:07:00,10.62458,10.62458,10.62458,10.62458,1000
IDI,2024-03-21 06:08:00,10.62458,10.62458,10.58291,10.58291,500
IDI,2024-03-21 06:09:00,10.58291,10.58291,10.58291,10.58291,1000
IDI,2024-03-21 06:10:00,10.58291,10.58291,10.58291,10.58291,1100
IDI,2024-03-21 06:11:00,10.58291,10.62458,10.58291,10.62458,200
IDI,2024-03-21 06:13:00,10.62458,10.62458,10.62458,10.62458,10000
IDI,2024-03-21 06:14:00,10.62458,10.62458,10.62458,10.62458,16500
IDI,2024-03-21 06:15:00,10.62458,10.62458,10.58291,10.62458,9600
IDI,2024-03-21 06:16:00,10.62458,10.62458,10.62458,10.62458,18900
IDI,2024-03-21 06:17:00,10.62458,10.62458,10.62458,10.62458,300
IDI,2024-03-21 06:18:00,10.62458,10.62458,10.62458,10.62458,4300
IDI,2024-03-21 06:19:00,10.62458,10.62458,10.62458,10.62458,4400
IDI,2024-03-21 06:20:00,10.62458,10.66624,10.62458,10.62458,14000
IDI,2024-03-21 06:21:00,10.62458,10.62458,10.62458,10.62458,27000
IDI,2024-03-21 06:22:00,10.62458,10.62458,10.62458,10.62458,2000
IDI,2024-03-21 06:23:00,10.62458,10.62458,10.62458,10.62458,1000
IDI,2024-03-21 06:24:00,10.62458,10.62458,10.62458,10.62458,21000
IDI,2024-03-21 06:25:00,10.62458,10.62458,10.62458,10.62458,700
IDI,2024-03-21 06:27:00,10.62458,10.66624,10.62458,10.62458,16000
IDI,2024-03-21 06:28:00,10.62458,10.66624,10.62458,10.62458,14100
IDI,2024-03-21 06:29:00,10.62458,10.62458,10.62458,10.62458,10600
IDI,2024-03-21 06:30:00,10.62458,10.62458,10.58291,10.58291,500
IDI,2024-03-21 06:31:00,10.58291,10.62458,10.58291,10.58291,7500
IDI,2024-03-21 06:32:00,10.58291,10.62458,10.58291,10.58291,4100
IDI,2024-03-21 06:33:00,10.58291,10.58291,10.58291,10.58291,5000
IDI,2024-03-21 06:34:00,10.58291,10.58291,10.58291,10.58291,29000
IDI,2024-03-21 06:35:00,10.58291,10.58291,10.58291,10.58291,11600
IDI,2024-03-21 06:36:00,10.58291,10.58291,10.58291,10.58291,100
IDI,2024-03-21 06:37:00,10.58291,10.58291,10.58291,10.58291,900
IDI,2024-03-21 06:38:00,10.58291,10.58291,10.58291,10.58291,17900
IDI,2024-03-21 06:39:00,10.58291,10.58291,10.58291,10.58291,8100
IDI,2024-03-21 06:40:00,10.58291,10.58291,10.54125,10.58291,6500
IDI,2024-03-21 06:42:00,10.58291,10.58291,10.58291,10.58291,4500
IDI,2024-03-21 06:43:00,10.58291,10.58291,10.58291,10.58291,1500
IDI,2024-03-21 06:44:00,10.58291,10.58291,10.58291,10.58291,1100
IDI,2024-03-21 06:45:00,10.58291,10.58291,10.54125,10.54125,1700
IDI,2024-03-21 06:46:00,10.54125,10.54125,10.54125,10.54125,1000
IDI,2024-03-21 06:47:00,10.54125,10.54125,10.54125,10.54125,4000
IDI,2024-03-21 06:48:00,10.54125,10.58291,10.54125,10.54125,1200
IDI,2024-03-21 06:49:00,10.54125,10.54125,10.54125,10.54125,13000
IDI,2024-03-21 06:50:00,10.54125,10.54125,10.54125,10.54125,36400
IDI,2024-03-21 06:51:00,10.54125,10.54125,10.54125,10.54125,87900
IDI,2024-03-21 06:52:00,10.54125,10.54125,10.54125,10.54125,33800
IDI,2024-03-21 06:53:00,10.54125,10.54125,10.54125,10.54125,32600
IDI,2024-03-21 06:54:00,10.54125,10.54125,10.54125,10.54125,8000
IDI,2024-03-21 06:55:00,10.54125,10.58291,10.54125,10.58291,3300
IDI,2024-03-21 06:56:00,10.58291,10.58291,10.58291,10.58291,100
IDI,2024-03-21 06:59:00,10.58291,10.58291,10.58291,10.58291,100
IDI,2024-03-21 07:01:00,10.58291,10.58291,10.54125,10.54125,17300
IDI,2024-03-21 07:02:00,10.54125,10.54125,10.54125,10.54125,1500
IDI,2024-03-21 07:03:00,10.54125,10.54125,10.54125,10.54125,1100
IDI,2024-03-21 07:05:00,10.54125,10.58291,10.54125,10.58291,4400
IDI,2024-03-21 07:06:00,10.58291,10.58291,10.54125,10.54125,87000
IDI,2024-03-21 07:07:00,10.54125,10.54125,10.54125,10.54125,44500
IDI,2024-03-21 07:08:00,10.54125,10.58291,10.54125,10.58291,104500
IDI,2024-03-21 07:09:00,10.58291,10.58291,10.58291,10.58291,31900
IDI,2024-03-21 07:10:00,10.58291,10.62458,10.58291,10.62458,29600
IDI,2024-03-21 07:11:00,10.62458,10.62458,10.62458,10.62458,3000
IDI,2024-03-21 07:12:00,10.62458,10.62458,10.62458,10.62458,123500
IDI,2024-03-21 07:13:00,10.62458,10.62458,10.62458,10.62458,600
IDI,2024-03-21 07:14:00,10.62458,10.62458,10.62458,10.62458,23200
IDI,2024-03-21 07:15:00,10.62458,10.62458,10.62458,10.62458,100
IDI,2024-03-21 07:16:00,10.62458,10.62458,10.62458,10.62458,500
IDI,2024-03-21 07:17:00,10.62458,10.62458,10.62458,10.62458,1000
IDI,2024-03-21 07:18:00,10.62458,10.62458,10.62458,10.62458,1700
IDI,2024-03-21 07:19:00,10.62458,10.66624,10.62458,10.66624,100
IDI,2024-03-21 07:20:00,10.66624,10.66624,10.62458,10.62458,10000
IDI,2024-03-21 07:21:00,10.62458,10.66624,10.62458,10.66624,400
IDI,2024-03-21 07:22:00,10.66624,10.66624,10.62458,10.62458,1300
IDI,2024-03-21 07:23:00,10.62458,10.66624,10.62458,10.66624,1500
IDI,2024-03-21 07:24:00,10.66624,10.66624,10.66624,10.66624,3000
IDI,2024-03-21 07:25:00,10.66624,10.66624,10.66624,10.66624,11200
IDI,2024-03-21 07:26:00,10.66624,10.66624,10.62458,10.62458,76200
IDI,2024-03-21 07:27:00,10.62458,10.62458,10.58291,10.58291,36500
IDI,2024-03-21 07:28:00,10.58291,10.62458,10.58291,10.62458,13300
IDI,2024-03-21 07:29:00,10.62458,10.62458,10.58291,10.58291,11900
IDI,2024-03-21 07:45:00,10.62458,10.62458,10.62458,10.62458,80800
IDI,2024-03-22 02:15:00,10.66624,10.66624,10.66624,10.66624,25900
IDI,2024-03-22 02:16:00,10.66624,10.66624,10.62458,10.62458,1400
IDI,2024-03-22 02:17:00,10.62458,10.66624,10.62458,10.66624,12900
IDI,2024-03-22 02:18:00,10.66624,10.66624,10.66624,10.66624,27200
IDI,2024-03-22 02:19:00,10.66624,10.66624,10.66624,10.66624,6800
IDI,2024-03-22 02:20:00,10.66624,10.66624,10.62458,10.66624,4500
IDI,2024-03-22 02:21:00,10.66624,10.66624,10.66624,10.66624,1000
IDI,2024-03-22 02:22:00,10.66624,10.66624,10.66624,10.66624,6200
IDI,2024-03-22 02:23:00,10.66624,10.66624,10.66624,10.66624,2500
IDI,2024-03-22 02:24:00,10.66624,10.66624,10.62458,10.62458,20300
IDI,2024-03-22 02:25:00,10.62458,10.66624,10.62458,10.62458,3500
IDI,2024-03-22 02:26:00,10.62458,10.62458,10.62458,10.62458,200
IDI,2024-03-22 02:27:00,10.62458,10.66624,10.62458,10.66624,13400
IDI,2024-03-22 02:28:00,10.66624,10.66624,10.66624,10.66624,800
IDI,2024-03-22 02:29:00,10.66624,10.66624,10.62458,10.62458,5000
IDI,2024-03-22 02:30:00,10.62458,10.62458,10.62458,10.62458,4000
IDI,2024-03-22 02:31:00,10.62458,10.62458,10.62458,10.62458,5000
IDI,2024-03-22 02:32:00,10.62458,10.62458,10.62458,10.62458,4100
IDI,2024-03-22 02:33:00,10.62458,10.62458,10.58291,10.58291,81600
IDI,2024-03-22 02:34:00,10.58291,10.58291,10.58291,10.58291,37200
IDI,2024-03-22 02:35:00,10.58291,10.62458,10.58291,10.62458,1100
IDI,2024-03-22 02:36:00,10.62458,10.62458,10.62458,10.62458,24100
IDI,2024-03-22 02:37:00,10.62458,10.62458,10.58291,10.62458,10500
IDI,2024-03-22 02:38:00,10.62458,10.62458,10.62458,10.62458,2700
IDI,2024-03-22 02:39:00,10.62458,10.62458,10.62458,10.62458,8900
IDI,2024-03-22 02:40:00,10.62458,10.62458,10.62458,10.62458,1000
IDI,2024-03-22 02:41:00,10.62458,10.62458,10.58291,10.62458,11400
IDI,2024-03-22 02:42:00,10.62458,10.62458,10.62458,10.62458,12500
IDI,2024-03-22 02:43:00,10.62458,10.62458,10.58291,10.58291,9200
IDI,2024-03-22 02:44:00,10.58291,10.58291,10.58291,10.58291,12500
IDI,2024-03-22 02:45:00,10.58291,10.62458,10.58291,10.58291,15000
IDI,2024-03-22 02:46:00,10.58291,10.58291,10.58291,10.58291,65700
IDI,2024-03-22 02:47:00,10.58291,10.58291,10.58291,10.58291,7500
IDI,2024-03-22 02:48:00,10.58291,10.58291,10.54125,10.58291,24000
IDI,2024-03-22 02:49:00,10.58291,10.58291,10.58291,10.58291,5100
IDI,2024-03-22 02:50:00,10.58291,10.58291,10.49958,10.54125,126500
IDI,2024-03-22 02:51:00,10.54125,10.54125,10.49958,10.49958,34600
IDI,2024-03-22 02:52:00,10.49958,10.49958,10.49958,10.49958,66600
IDI,2024-03-22 02:53:00,10.49958,10.54125,10.49958,10.54125,9600
IDI,2024-03-22 02:54:00,10.54125,10.54125,10.54125,10.54125,200
IDI,2024-03-22 02:55:00,10.54125,10.54125,10.54125,10.54125,200
IDI,2024-03-22 02:56:00,10.54125,10.54125,10.54125,10.54125,15300
IDI,2024-03-22 02:58:00,10.54125,10.54125,10.54125,10.54125,27900
IDI,2024-03-22 02:59:00,10.54125,10.54125,10.54125,10.54125,5300
IDI,2024-03-22 03:00:00,10.54125,10.54125,10.49958,10.49958,9500
IDI,2024-03-22 03:02:00,10.49958,10.49958,10.49958,10.49958,23800
IDI,2024-03-22 03:03:00,10.49958,10.54125,10.49958,10.54125,11100
IDI,2024-03-22 03:04:00,10.54125,10.54125,10.54125,10.54125,10500
IDI,2024-03-22 03:05:00,10.54125,10.54125,10.54125,10.54125,13500
IDI,2024-03-22 03:06:00,10.54125,10.54125,10.54125,10.54125,3300
IDI,2024-03-22 03:07:00,10.54125,10.54125,10.49958,10.49958,88300
IDI,2024-03-22 03:08:00,10.49958,10.49958,10.49958,10.49958,20700
IDI,2024-03-22 03:09:00,10.49958,10.54125,10.49958,10.49958,4900
IDI,2024-03-22 03:10:00,10.49958,10.49958,10.49958,10.49958,900
IDI,2024-03-22 03:11:00,10.49958,10.49958,10.49958,10.49958,1000
IDI,2024-03-22 03:12:00,10.49958,10.54125,10.49958,10.54125,200
IDI,2024-03-22 03:13:00,10.54125,10.54125,10.54125,10.54125,20700
IDI,2024-03-22 03:14:00,10.54125,10.54125,10.54125,10.54125,2000
IDI,2024-03-22 03:15:00,10.54125,10.54125,10.49958,10.49958,98900
IDI,2024-03-22 03:16:00,10.49958,10.49958,10.49958,10.49958,2800
IDI,2024-03-22 03:17:00,10.49958,10.49958,10.45792,10.49958,14600
IDI,2024-03-22 03:18:00,10.49958,10.49958,10.41625,10.45792,152500
IDI,2024-03-22 03:19:00,10.45792,10.45792,10.45792,10.45792,18000
IDI,2024-03-22 03:20:00,10.45792,10.49958,10.45792,10.49958,100
IDI,2024-03-22 03:21:00,10.49958,10.49958,10.49958,10.49958,7700
IDI,2024-03-22 03:22:00,10.49958,10.49958,10.49958,10.49958,12100
IDI,2024-03-22 03:24:00,10.49958,10.49958,10.49958,10.49958,2500
IDI,2024-03-22 03:27:00,10.49958,10.49958,10.45792,10.49958,21000
IDI,2024-03-22 03:29:00,10.49958,10.49958,10.49958,10.49958,33300
IDI,2024-03-22 03:30:00,10.49958,10.49958,10.45792,10.45792,29800
IDI,2024-03-22 03:31:00,10.45792,10.45792,10.45792,10.45792,7300
IDI,2024-03-22 03:33:00,10.45792,10.49958,10.45792,10.49958,5000
IDI,2024-03-22 03:34:00,10.49958,10.49958,10.45792,10.45792,91300
IDI,2024-03-22 03:35:00,10.45792,10.45792,10.45792,10.45792,10300
IDI,2024-03-22 03:36:00,10.45792,10.45792,10.45792,10.45792,1900
IDI,2024-03-22 03:37:00,10.45792,10.45792,10.45792,10.45792,11800
IDI,2024-03-22 03:38:00,10.45792,10.49958,10.45792,10.49958,9500
IDI,2024-03-22 03:39:00,10.49958,10.49958,10.49958,10.49958,2300
IDI,2024-03-22 03:40:00,10.49958,10.49958,10.49958,10.49958,1100
IDI,2024-03-22 03:42:00,10.49958,10.49958,10.45792,10.49958,2500
IDI,2024-03-22 03:43:00,10.49958,10.49958,10.45792,10.49958,1500
IDI,2024-03-22 03:44:00,10.49958,10.49958,10.49958,10.49958,10000
IDI,2024-03-22 03:45:00,10.49958,10.49958,10.49958,10.49958,2000
IDI,2024-03-22 03:46:00,10.49958,10.49958,10.49958,10.49958,1700
IDI,2024-03-22 03:47:00,10.49958,10.49958,10.45792,10.49958,1500
IDI,2024-03-22 03:49:00,10.49958,10.49958,10.49958,10.49958,5800
IDI,2024-03-22 03:50:00,10.49958,10.49958,10.49958,10.49958,1900
IDI,2024-03-22 03:51:00,10.49958,10.49958,10.49958,10.49958,3900
IDI,2024-03-22 03:52:00,10.49958,10.49958,10.49958,10.49958,500
IDI,2024-03-22 03:53:00,10.49958,10.54125,10.49958,10.49958,13600
IDI,2024-03-22 03:54:00,10.49958,10.49958,10.49958,10.49958,21600
IDI,2024-03-22 03:55:00,10.49958,10.49958,10.49958,10.49958,200
IDI,2024-03-22 03:56:00,10.49958,10.49958,10.49958,10.49958,74300
IDI,2024-03-22 03:57:00,10.49958,10.49958,10.49958,10.49958,26100
IDI,2024-03-22 03:58:00,10.49958,10.49958,10.45792,10.45792,300
IDI,2024-03-22 04:00:00,10.45792,10.45792,10.45792,10.45792,600
IDI,2024-03-22 04:01:00,10.45792,10.49958,10.45792,10.45792,3600
IDI,2024-03-22 04:04:00,10.45792,10.49958,10.45792,10.49958,200
IDI,2024-03-22 04:05:00,10.49958,10.49958,10.45792,10.49958,1800
IDI,2024-03-22 04:07:00,10.49958,10.49958,10.49958,10.49958,2000
IDI,2024-03-22 04:08:00,10.49958,10.49958,10.49958,10.49958,1000
IDI,2024-03-22 04:09:00,10.49958,10.49958,10.49958,10.49958,400
IDI,2024-03-22 04:11:00,10.49958,10.49958,10.49958,10.49958,12800
IDI,2024-03-22 04:12:00,10.49958,10.49958,10.45792,10.49958,51000
IDI,2024-03-22 04:13:00,10.49958,10.49958,10.49958,10.49958,31700
IDI,2024-03-22 04:14:00,10.49958,10.54125,10.49958,10.54125,4500
IDI,2024-03-22 04:16:00,10.54125,10.54125,10.49958,10.49958,3100
IDI,2024-03-22 04:17:00,10.49958,10.49958,10.49958,10.49958,100
IDI,2024-03-22 04:21:00,10.49958,10.49958,10.49958,10.49958,1400
IDI,2024-03-22 04:22:00,10.49958,10.49958,10.49958,10.49958,10000
IDI,2024-03-22 04:23:00,10.49958,10.49958,10.49958,10.49958,2000
IDI,2024-03-22 04:24:00,10.49958,10.49958,10.49958,10.49958,39100
IDI,2024-03-22 04:25:00,10.49958,10.49958,10.49958,10.49958,7800
IDI,2024-03-22 04:26:00,10.49958,10.49958,10.49958,10.49958,1800
IDI,2024-03-22 04:28:00,10.49958,10.49958,10.49958,10.49958,1200
IDI,2024-03-22 04:29:00,10.49958,10.49958,10.49958,10.49958,20000
IDI,2024-03-22 06:00:00,10.49958,10.49958,10.45792,10.45792,47600
IDI,2024-03-22 06:02:00,10.45792,10.45792,10.45792,10.45792,8600
IDI,2024-03-22 06:03:00,10.45792,10.45792,10.45792,10.45792,10000
IDI,2024-03-22 06:04:00,10.45792,10.45792,10.45792,10.45792,30300
IDI,2024-03-22 06:05:00,10.45792,10.49958,10.45792,10.45792,15700
IDI,2024-03-22 06:06:00,10.45792,10.49958,10.45792,10.49958,1400
IDI,2024-03-22 06:08:00,10.49958,10.49958,10.45792,10.45792,10000
IDI,2024-03-22 06:09:00,10.45792,10.49958,10.45792,10.49958,1300
IDI,2024-03-22 06:10:00,10.49958,10.49958,10.49958,10.49958,5000
IDI,2024-03-22 06:11:00,10.49958,10.49958,10.49958,10.49958,1000
IDI,2024-03-22 06:12:00,10.49958,10.49958,10.49958,10.49958,83600
IDI,2024-03-22 06:13:00,10.49958,10.49958,10.49958,10.49958,16000
IDI,2024-03-22 06:14:00,10.49958,10.49958,10.49958,10.49958,7100
IDI,2024-03-22 06:15:00,10.49958,10.49958,10.49958,10.49958,7700
IDI,2024-03-22 06:16:00,10.49958,10.49958,10.49958,10.49958,21400
IDI,2024-03-22 06:17:00,10.49958,10.49958,10.49958,10.49958,2200
IDI,2024-03-22 06:18:00,10.49958,10.49958,10.49958,10.49958,3300
IDI,2024-03-22 06:19:00,10.49958,10.54125,10.49958,10.54125,800
IDI,2024-03-22 06:20:00,10.54125,10.54125,10.54125,10.54125,10600
IDI,2024-03-22 06:21:00,10.54125,10.54125,10.54125,10.54125,11200
IDI,2024-03-22 06:22:00,10.54125,10.54125,10.49958,10.54125,37000
IDI,2024-03-22 06:23:00,10.54125,10.54125,10.54125,10.54125,24000
IDI,2024-03-22 06:24:00,10.54125,10.54125,10.54125,10.54125,37700
IDI,2024-03-22 06:25:00,10.54125,10.54125,10.54125,10.54125,500
IDI,2024-03-22 06:26:00,10.54125,10.58291,10.54125,10.58291,18300
IDI,2024-03-22 06:27:00,10.58291,10.58291,10.54125,10.54125,6200
IDI,2024-03-22 06:28:00,10.54125,10.54125,10.54125,10.54125,5800
IDI,2024-03-22 06:30:00,10.54125,10.54125,10.54125,10.54125,9600
IDI,2024-03-22 06:31:00,10.54125,10.54125,10.49958,10.49958,28500
IDI,2024-03-22 06:32:00,10.49958,10.49958,10.49958,10.49958,5000
IDI,2024-03-22 06:33:00,10.49958,10.49958,10.49958,10.49958,10000
IDI,2024-03-22 06:34:00,10.49958,10.54125,10.49958,10.54125,3200
IDI,2024-03-22 06:35:00,10.54125,10.54125,10.49958,10.49958,54400
IDI,2024-03-22 06:36:00,10.49958,10.49958,10.49958,10.49958,36800
IDI,2024-03-22 06:37:00,10.49958,10.49958,10.49958,10.49958,3500
IDI,2024-03-22 06:39:00,10.49958,10.49958,10.49958,10.49958,5200
IDI,2024-03-22 06:40:00,10.49958,10.49958,10.49958,10.49958,23400
IDI,2024-03-22 06:42:00,10.49958,10.49958,10.49958,10.49958,11700
IDI,2024-03-22 06:43:00,10.49958,10.49958,10.49958,10.49958,2300
IDI,2024-03-22 06:44:00,10.49958,10.49958,10.49958,10.49958,4600
IDI,2024-03-22 06:45:00,10.49958,10.49958,10.49958,10.49958,19600
IDI,2024-03-22 06:46:00,10.49958,10.49958,10.49958,10.49958,12500
IDI,2024-03-22 06:47:00,10.49958,10.49958,10.49958,10.49958,19400
IDI,2024-03-22 06:48:00,10.49958,10.49958,10.49958,10.49958,100
IDI,2024-03-22 06:49:00,10.49958,10.49958,10.49958,10.49958,10000
IDI,2024-03-22 06:50:00,10.49958,10.49958,10.45792,10.49958,12000
IDI,2024-03-22 06:51:00,10.49958,10.49958,10.49958,10.49958,40000
IDI,2024-03-22 06:52:00,10.49958,10.49958,10.49958,10.49958,38200
IDI,2024-03-22 06:53:00,10.49958,10.49958,10.49958,10.49958,45600
IDI,2024-03-22 06:54:00,10.49958,10.49958,10.49958,10.49958,14100
IDI,2024-03-22 06:55:00,10.49958,10.49958,10.45792,10.45792,92600
IDI,2024-03-22 06:56:00,10.45792,10.49958,10.45792,10.45792,158400
IDI,2024-03-22 06:57:00,10.45792,10.49958,10.45792,10.49958,14500
IDI,2024-03-22 06:58:00,10.49958,10.54125,10.49958,10.54125,2600
IDI,2024-03-22 06:59:00,10.54125,10.54125,10.49958,10.49958,1700
IDI,2024-03-22 07:00:00,10.49958,10.49958,10.49958,10.49958,400
IDI,2024-03-22 07:01:00,10.49958,10.49958,10.49958,10.49958,100
IDI,2024-03-22 07:02:00,10.49958,10.49958,10.49958,10.49958,64400
IDI,2024-03-22 07:03:00,10.49958,10.49958,10.45792,10.49958,15900
IDI,2024-03-22 07:04:00,10.49958,10.49958,10.49958,10.49958,2200
IDI,2024-03-22 07:05:00,10.49958,10.49958,10.49958,10.49958,2100
IDI,2024-03-22 07:06:00,10.49958,10.49958,10.49958,10.49958,13600
IDI,2024-03-22 07:07:00,10.49958,10.49958,10.45792,10.49958,10900
IDI,2024-03-22 07:08:00,10.49958,10.49958,10.45792,10.45792,12300
IDI,2024-03-22 07:09:00,10.45792,10.45792,10.45792,10.45792,29100
IDI,2024-03-22 07:10:00,10.45792,10.45792,10.41625,10.45792,170500
IDI,2024-03-22 07:11:00,10.45792,10.45792,10.41625,10.41625,10100
IDI,2024-03-22 07:12:00,10.41625,10.45792,10.41625,10.41625,28400
IDI,2024-03-22 07:13:00,10.41625,10.45792,10.41625,10.45792,15800
IDI,2024-03-22 07:14:00,10.45792,10.45792,10.45792,10.45792,13500
IDI,2024-03-22 07:15:00,10.45792,10.49958,10.45792,10.49958,151200
IDI,2024-03-22 07:16:00,10.49958,10.49958,10.49958,10.49958,8500
IDI,2024-03-22 07:17:00,10.49958,10.49958,10.49958,10.49958,32500
IDI,2024-03-22 07:18:00,10.49958,10.49958,10.49958,10.49958,3700
IDI,2024-03-22 07:19:00,10.49958,10.54125,10.49958,10.54125,1000
IDI,2024-03-22 07:20:00,10.54125,10.54125,10.49958,10.49958,4000
IDI,2024-03-22 07:21:00,10.49958,10.54125,10.49958,10.49958,56300
IDI,2024-03-22 07:22:00,10.49958,10.49958,10.49958,10.49958,100
IDI,2024-03-22 07:23:00,10.49958,10.49958,10.45792,10.45792,6800
IDI,2024-03-22 07:24:00,10.45792,10.45792,10.45792,10.45792,22200
IDI,2024-03-22 07:25:00,10.45792,10.49958,10.45792,10.49958,11100
IDI,2024-03-22 07:26:00,10.49958,10.49958,10.45792,10.49958,7100
IDI,2024-03-22 07:27:00,10.49958,10.49958,10.45792,10.49958,5000
IDI,2024-03-22 07:28:00,10.49958,10.49958,10.49958,10.49958,12000
IDI,2024-03-22 07:29:00,10.49958,10.49958,10.45792,10.45792,16000
IDI,2024-03-22 07:30:00,10.45792,10.49958,10.45792,10.49958,1000
IDI,2024-03-22 07:45:00,10.49958,10.49958,10.49958,10.49958,92700
IDI,2024-03-25 02:15:00,10.58291,10.58291,10.58291,10.58291,125400
IDI,2024-03-25 02:16:00,10.58291,10.58291,10.58291,10.58291,15500
IDI,2024-03-25 02:17:00,10.58291,10.58291,10.49958,10.54125,40600
IDI,2024-03-25 02:18:00,10.54125,10.54125,10.49958,10.54125,6100
IDI,2024-03-25 02:19:00,10.54125,10.54125,10.54125,10.54125,15000
IDI,2024-03-25 02:20:00,10.54125,10.54125,10.54125,10.54125,300
IDI,2024-03-25 02:21:00,10.54125,10.58291,10.54125,10.54125,4600
IDI,2024-03-25 02:22:00,10.54125,10.58291,10.54125,10.58291,3600
IDI,2024-03-25 02:23:00,10.58291,10.58291,10.54125,10.54125,8900
IDI,2024-03-25 02:24:00,10.54125,10.54125,10.54125,10.54125,3600
IDI,2024-03-25 02:25:00,10.54125,10.54125,10.54125,10.54125,13500
IDI,2024-03-25 02:26:00,10.54125,10.58291,10.54125,10.54125,5400
IDI,2024-03-25 02:27:00,10.54125,10.58291,10.54125,10.58291,5000
IDI,2024-03-25 02:28:00,10.58291,10.58291,10.58291,10.58291,28000
IDI,2024-03-25 02:29:00,10.58291,10.58291,10.54125,10.58291,77500
IDI,2024-03-25 02:30:00,10.58291,10.58291,10.58291,10.58291,5700
IDI,2024-03-25 02:31:00,10.58291,10.62458,10.58291,10.62458,38500
IDI,2024-03-25 02:32:00,10.62458,10.62458,10.62458,10.62458,29100
IDI,2024-03-25 02:33:00,10.62458,10.62458,10.62458,10.62458,700
IDI,2024-03-25 02:34:00,10.62458,10.66624,10.62458,10.66624,9900
IDI,2024-03-25 02:35:00,10.66624,10.66624,10.62458,10.62458,8400
IDI,2024-03-25 02:36:00,10.62458,10.66624,10.62458,10.66624,11000
IDI,2024-03-25 02:37:00,10.66624,10.66624,10.62458,10.66624,96400
IDI,2024-03-25 02:38:00,10.66624,10.66624,10.66624,10.66624,16500
IDI,2024-03-25 02:39:00,10.66624,10.66624,10.66624,10.66624,800
IDI,2024-03-25 02:40:00,10.66624,10.66624,10.66624,10.66624,33000
IDI,2024-03-25 02:41:00,10.66624,10.70791,10.66624,10.70791,16700
IDI,2024-03-25 02:42:00,10.70791,10.70791,10.66624,10.66624,5400
IDI,2024-03-25 02:43:00,10.66624,10.70791,10.66624,10.70791,4300
IDI,2024-03-25 02:44:00,10.70791,10.70791,10.66624,10.70791,64400
IDI,2024-03-25 02:45:00,10.70791,10.70791,10.70791,10.70791,2000
IDI,2024-03-25 02:46:00,10.70791,10.70791,10.66624,10.70791,1800
IDI,2024-03-25 02:47:00,10.70791,10.70791,10.66624,10.66624,63900
IDI,2024-03-25 02:48:00,10.66624,10.70791,10.66624,10.66624,3600
IDI,2024-03-25 02:49:00,10.66624,10.66624,10.66624,10.66624,4400
IDI,2024-03-25 02:50:00,10.66624,10.66624,10.62458,10.62458,2000
IDI,2024-03-25 02:51:00,10.62458,10.66624,10.62458,10.62458,23000
IDI,2024-03-25 02:52:00,10.62458,10.66624,10.62458,10.66624,17000
IDI,2024-03-25 02:53:00,10.66624,10.66624,10.62458,10.62458,200
IDI,2024-03-25 02:54:00,10.62458,10.62458,10.62458,10.62458,64600
IDI,2024-03-25 02:55:00,10.62458,10.62458,10.62458,10.62458,5500
IDI,2024-03-25 02:56:00,10.62458,10.62458,10.58291,10.58291,46900
IDI,2024-03-25 02:57:00,10.58291,10.62458,10.58291,10.62458,20100
IDI,2024-03-25 02:58:00,10.62458,10.66624,10.62458,10.62458,7200
IDI,2024-03-25 03:01:00,10.62458,10.62458,10.62458,10.62458,15000
IDI,2024-03-25 03:02:00,10.62458,10.62458,10.62458,10.62458,11200
IDI,2024-03-25 03:03:00,10.62458,10.62458,10.62458,10.62458,600
IDI,2024-03-25 03:04:00,10.62458,10.62458,10.62458,10.62458,4700
IDI,2024-03-25 03:05:00,10.62458,10.62458,10.58291,10.62458,6200
IDI,2024-03-25 03:06:00,10.62458,10.62458,10.62458,10.62458,100
IDI,2024-03-25 03:07:00,10.62458,10.62458,10.62458,10.62458,1000
IDI,2024-03-25 03:08:00,10.62458,10.62458,10.62458,10.62458,400
IDI,2024-03-25 03:09:00,10.62458,10.62458,10.62458,10.62458,1400
IDI,2024-03-25 03:10:00,10.62458,10.62458,10.58291,10.58291,13400
IDI,2024-03-25 03:11:00,10.58291,10.62458,10.58291,10.62458,9600
IDI,2024-03-25 03:12:00,10.62458,10.62458,10.62458,10.62458,500
IDI,2024-03-25 03:13:00,10.62458,10.62458,10.62458,10.62458,100
IDI,2024-03-25 03:14:00,10.62458,10.62458,10.62458,10.62458,1000
IDI,2024-03-25 03:15:00,10.62458,10.66624,10.62458,10.66624,1700
IDI,2024-03-25 03:16:00,10.66624,10.66624,10.66624,10.66624,2000
IDI,2024-03-25 03:17:00,10.66624,10.66624,10.62458,10.62458,5000
IDI,2024-03-25 03:18:00,10.62458,10.66624,10.62458,10.66624,7600
IDI,2024-03-25 03:19:00,10.66624,10.66624,10.66624,10.66624,25000
IDI,2024-03-25 03:20:00,10.66624,10.66624,10.66624,10.66624,3700
IDI,2024-03-25 03:21:00,10.66624,10.66624,10.66624,10.66624,100
IDI,2024-03-25 03:24:00,10.66624,10.66624,10.66624,10.66624,29800
IDI,2024-03-25 03:25:00,10.66624,10.66624,10.66624,10.66624,2400
IDI,2024-03-25 03:26:00,10.66624,10.66624,10.66624,10.66624,2200
IDI,2024-03-25 03:27:00,10.66624,10.66624,10.66624,10.66624,10800
IDI,2024-03-25 03:28:00,10.66624,10.66624,10.66624,10.66624,17100
IDI,2024-03-25 03:29:00,10.66624,10.70791,10.66624,10.66624,29700
IDI,2024-03-25 03:30:00,10.66624,10.66624,10.66624,10.66624,23000
IDI,2024-03-25 03:31:00,10.66624,10.66624,10.66624,10.66624,5300
IDI,2024-03-25 03:32:00,10.66624,10.66624,10.66624,10.66624,1800
IDI,2024-03-25 03:33:00,10.66624,10.66624,10.66624,10.66624,7500
IDI,2024-03-25 03:36:00,10.66624,10.66624,10.66624,10.66624,600
IDI,2024-03-25 03:37:00,10.66624,10.66624,10.66624,10.66624,40800
IDI,2024-03-25 03:38:00,10.66624,10.66624,10.66624,10.66624,6700
IDI,2024-03-25 03:39:00,10.66624,10.66624,10.66624,10.66624,14900
IDI,2024-03-25 03:40:00,10.66624,10.66624,10.66624,10.66624,400
IDI,2024-03-25 03:41:00,10.66624,10.66624,10.66624,10.66624,20000
IDI,2024-03-25 03:43:00,10.66624,10.66624,10.66624,10.66624,20000
IDI,2024-03-25 03:44:00,10.66624,10.66624,10.62458,10.62458,500
IDI,2024-03-25 03:46:00,10.62458,10.62458,10.62458,10.62458,46200
IDI,2024-03-25 03:47:00,10.62458,10.62458,10.62458,10.62458,7200
IDI,2024-03-25 03:48:00,10.62458,10.66624,10.62458,10.66624,15500
IDI,2024-03-25 03:49:00,10.66624,10.66624,10.66624,10.66624,1000
IDI,2024-03-25 03:50:00,10.66624,10.66624,10.62458,10.62458,20600
IDI,2024-03-25 03:51:00,10.62458,10.62458,10.62458,10.62458,100
IDI,2024-03-25 03:52:00,10.62458,10.62458,10.62458,10.62458,11200
IDI,2024-03-25 03:53:00,10.62458,10.62458,10.62458,10.62458,6900
IDI,2024-03-25 03:54:00,10.62458,10.62458,10.62458,10.62458,10400
IDI,2024-03-25 03:56:00,10.62458,10.66624,10.62458,10.62458,2700
IDI,2024-03-25 03:58:00,10.62458,10.62458,10.62458,10.62458,100
IDI,2024-03-25 04:00:00,10.62458,10.66624,10.62458,10.62458,29300
IDI,2024-03-25 04:02:00,10.62458,10.62458,10.62458,10.62458,11400
IDI,2024-03-25 04:03:00,10.62458,10.62458,10.62458,10.62458,9800
IDI,2024-03-25 04:04:00,10.62458,10.62458,10.62458,10.62458,15500
IDI,2024-03-25 04:05:00,10.62458,10.62458,10.62458,10.62458,9000
IDI,2024-03-25 04:06:00,10.62458,10.62458,10.62458,10.62458,600
IDI,2024-03-25 04:07:00,10.62458,10.62458,10.62458,10.62458,3500
IDI,2024-03-25 04:08:00,10.62458,10.62458,10.62458,10.62458,3000
IDI,2024-03-25 04:09:00,10.62458,10.62458,10.62458,10.62458,6300
IDI,2024-03-25 04:11:00,10.62458,10.62458,10.62458,10.62458,1000
IDI,2024-03-25 04:12:00,10.62458,10.62458,10.62458,10.62458,1200
IDI,2024-03-25 04:13:00,10.62458,10.62458,10.58291,10.58291,1500
IDI,2024-03-25 04:14:00,10.58291,10.62458,10.58291,10.62458,12000
IDI,2024-03-25 04:18:00,10.62458,10.62458,10.58291,10.58291,1000
IDI,2024-03-25 04:20:00,10.58291,10.58291,10.58291,10.58291,16000
IDI,2024-03-25 04:21:00,10.58291,10.58291,10.58291,10.58291,3800
IDI,2024-03-25 04:23:00,10.58291,10.62458,10.58291,10.58291,3100
IDI,2024-03-25 04:24:00,10.58291,10.58291,10.58291,10.58291,300
IDI,2024-03-25 04:25:00,10.58291,10.58291,10.58291,10.58291,1600
IDI,2024-03-25 04:27:00,10.58291,10.58291,10.58291,10.58291,100
IDI,2024-03-25 04:29:00,10.58291,10.58291,10.58291,10.58291,1200
IDI,2024-03-25 06:00:00,10.58291,10.58291,10.58291,10.58291,46100
IDI,2024-03-25 06:01:00,10.58291,10.62458,10.58291,10.62458,15900
IDI,2024-03-25 06:02:00,10.62458,10.62458,10.54125,10.54125,34300
IDI,2024-03-25 06:04:00,10.54125,10.54125,10.54125,10.54125,11100
IDI,2024-03-25 06:05:00,10.54125,10.54125,10.54125,10.54125,62300
IDI,2024-03-25 06:06:00,10.54125,10.58291,10.54125,10.58291,1400
IDI,2024-03-25 06:07:00,10.58291,10.58291,10.54125,10.54125,34000
IDI,2024-03-25 06:08:00,10.54125,10.54125,10.54125,10.54125,6200
IDI,2024-03-25 06:09:00,10.54125,10.54125,10.49958,10.49958,3000
IDI,2024-03-25 06:10:00,10.49958,10.54125,10.49958,10.54125,18700
IDI,2024-03-25 06:11:00,10.54125,10.54125,10.54125,10.54125,2100
IDI,2024-03-25 06:12:00,10.54125,10.54125,10.54125,10.54125,800
IDI,2024-03-25 06:13:00,10.54125,10.54125,10.49958,10.49958,22600
IDI,2024-03-25 06:14:00,10.49958,10.54125,10.49958,10.54125,40600
IDI,2024-03-25 06:15:00,10.54125,10.54125,10.54125,10.54125,4600
IDI,2024-03-25 06:16:00,10.54125,10.54125,10.54125,10.54125,5500
IDI,2024-03-25 06:18:00,10.54125,10.54125,10.54125,10.54125,49900
IDI,2024-03-25 06:19:00,10.54125,10.54125,10.49958,10.49958,2600
IDI,2024-03-25 06:21:00,10.49958,10.49958,10.49958,10.49958,13400
IDI,2024-03-25 06:22:00,10.49958,10.49958,10.49958,10.49958,169300
IDI,2024-03-25 06:23:00,10.49958,10.49958,10.45792,10.45792,4300
IDI,2024-03-25 06:24:00,10.45792,10.49958,10.45792,10.49958,7200
IDI,2024-03-25 06:25:00,10.49958,10.49958,10.49958,10.49958,3200
IDI,2024-03-25 06:26:00,10.49958,10.49958,10.45792,10.49958,11000
IDI,2024-03-25 06:27:00,10.49958,10.49958,10.49958,10.49958,20600
IDI,2024-03-25 06:28:00,10.49958,10.54125,10.49958,10.54125,13100
IDI,2024-03-25 06:29:00,10.54125,10.54125,10.49958,10.49958,3000
IDI,2024-03-25 06:30:00,10.49958,10.54125,10.49958,10.54125,1200
IDI,2024-03-25 06:31:00,10.54125,10.54125,10.54125,10.54125,300
IDI,2024-03-25 06:32:00,10.54125,10.54125,10.54125,10.54125,1000
IDI,2024-03-25 06:33:00,10.54125,10.54125,10.54125,10.54125,100
IDI,2024-03-25 06:34:00,10.54125,10.54125,10.54125,10.54125,4100
IDI,2024-03-25 06:35:00,10.54125,10.54125,10.49958,10.49958,4100
IDI,2024-03-25 06:36:00,10.49958,10.49958,10.49958,10.49958,3500
IDI,2024-03-25 06:37:00,10.49958,10.49958,10.49958,10.49958,49300
IDI,2024-03-25 06:38:00,10.49958,10.49958,10.49958,10.49958,33500
IDI,2024-03-25 06:39:00,10.49958,10.49958,10.49958,10.49958,6000
IDI,2024-03-25 06:40:00,10.49958,10.49958,10.49958,10.49958,3000
IDI,2024-03-25 06:41:00,10.49958,10.49958,10.45792,10.45792,10300
IDI,2024-03-25 06:42:00,10.45792,10.49958,10.45792,10.49958,12400
IDI,2024-03-25 06:43:00,10.49958,10.49958,10.49958,10.49958,4000
IDI,2024-03-25 06:44:00,10.49958,10.49958,10.49958,10.49958,21500
IDI,2024-03-25 06:45:00,10.49958,10.49958,10.49958,10.49958,3500
IDI,2024-03-25 06:46:00,10.49958,10.54125,10.49958,10.54125,2000
IDI,2024-03-25 06:47:00,10.54125,10.54125,10.54125,10.54125,10000
IDI,2024-03-25 06:48:00,10.54125,10.54125,10.49958,10.54125,6600
IDI,2024-03-25 06:49:00,10.54125,10.54125,10.54125,10.54125,15100
IDI,2024-03-25 06:50:00,10.54125,10.54125,10.54125,10.54125,7000
IDI,2024-03-25 06:51:00,10.54125,10.54125,10.54125,10.54125,4900
IDI,2024-03-25 06:54:00,10.54125,10.54125,10.54125,10.54125,4400
IDI,2024-03-25 06:55:00,10.54125,10.54125,10.54125,10.54125,1000
IDI,2024-03-25 06:56:00,10.54125,10.54125,10.49958,10.49958,17100
IDI,2024-03-25 06:57:00,10.49958,10.49958,10.49958,10.49958,400
IDI,2024-03-25 06:58:00,10.49958,10.49958,10.49958,10.49958,127000
IDI,2024-03-25 06:59:00,10.49958,10.49958,10.49958,10.49958,1500
IDI,2024-03-25 07:00:00,10.49958,10.49958,10.45792,10.45792,2500
IDI,2024-03-25 07:01:00,10.45792,10.49958,10.45792,10.45792,2200
IDI,2024-03-25 07:02:00,10.45792,10.45792,10.45792,10.45792,153200
IDI,2024-03-25 07:03:00,10.45792,10.45792,10.41625,10.41625,6100
IDI,2024-03-25 07:04:00,10.41625,10.41625,10.41625,10.41625,30100
IDI,2024-03-25 07:05:00,10.41625,10.41625,10.41625,10.41625,81000
IDI,2024-03-25 07:06:00,10.41625,10.45792,10.41625,10.41625,5100
IDI,2024-03-25 07:07:00,10.41625,10.45792,10.41625,10.45792,20200
IDI,2024-03-25 07:08:00,10.45792,10.45792,10.41625,10.41625,18800
IDI,2024-03-25 07:09:00,10.41625,10.45792,10.41625,10.41625,46200
IDI,2024-03-25 07:10:00,10.41625,10.45792,10.41625,10.45792,78500
IDI,2024-03-25 07:11:00,10.45792,10.45792,10.41625,10.45792,20900
IDI,2024-03-25 07:12:00,10.45792,10.45792,10.45792,10.45792,14900
IDI,2024-03-25 07:13:00,10.45792,10.45792,10.41625,10.45792,31300
IDI,2024-03-25 07:14:00,10.45792,10.45792,10.45792,10.45792,5300
IDI,2024-03-25 07:15:00,10.45792,10.45792,10.41625,10.45792,42000
IDI,2024-03-25 07:16:00,10.45792,10.45792,10.45792,10.45792,9000
IDI,2024-03-25 07:17:00,10.45792,10.45792,10.41625,10.41625,11000
IDI,2024-03-25 07:18:00,10.41625,10.45792,10.37459,10.37459,123600
IDI,2024-03-25 07:19:00,10.37459,10.41625,10.37459,10.37459,12100
IDI,2024-03-25 07:20:00,10.37459,10.41625,10.37459,10.37459,103700
IDI,2024-03-25 07:21:00,10.37459,10.41625,10.33292,10.33292,143000
IDI,2024-03-25 07:22:00,10.33292,10.37459,10.33292,10.37459,3700
IDI,2024-03-25 07:23:00,10.37459,10.37459,10.33292,10.37459,3200
IDI,2024-03-25 07:24:00,10.37459,10.37459,10.33292,10.37459,48100
IDI,2024-03-25 07:26:00,10.37459,10.41625,10.37459,10.37459,12400
IDI,2024-03-25 07:27:00,10.37459,10.41625,10.37459,10.41625,25400
IDI,2024-03-25 07:28:00,10.41625,10.41625,10.37459,10.41625,24400
IDI,2024-03-25 07:29:00,10.41625,10.41625,10.37459,10.41625,32400
IDI,2024-03-25 07:30:00,10.41625,10.41625,10.41625,10.41625,500
IDI,2024-03-25 07:45:00,10.37459,10.37459,10.37459,10.37459,184500
IDI,2024-03-26 02:15:00,10.29126,10.37459,10.29126,10.37459,24600
IDI,2024-03-26 02:16:00,10.37459,10.37459,10.37459,10.37459,200
IDI,2024-03-26 02:17:00,10.37459,10.37459,10.33292,10.33292,12800
IDI,2024-03-26 02:18:00,10.33292,10.33292,10.29126,10.33292,34400
IDI,2024-03-26 02:19:00,10.33292,10.33292,10.33292,10.33292,6500
IDI,2024-03-26 02:20:00,10.33292,10.33292,10.33292,10.33292,200
IDI,2024-03-26 02:21:00,10.33292,10.37459,10.33292,10.37459,23200
IDI,2024-03-26 02:22:00,10.37459,10.37459,10.37459,10.37459,5600
IDI,2024-03-26 02:24:00,10.37459,10.37459,10.33292,10.33292,7000
IDI,2024-03-26 02:25:00,10.33292,10.33292,10.29126,10.29126,42700
IDI,2024-03-26 02:26:00,10.29126,10.29126,10.29126,10.29126,3000
IDI,2024-03-26 02:27:00,10.29126,10.33292,10.29126,10.33292,31800
IDI,2024-03-26 02:28:00,10.33292,10.33292,10.33292,10.33292,100
IDI,2024-03-26 02:29:00,10.33292,10.41625,10.33292,10.41625,89500
IDI,2024-03-26 02:30:00,10.41625,10.54125,10.41625,10.54125,100900
IDI,2024-03-26 02:31:00,10.54125,10.58291,10.54125,10.58291,59800
IDI,2024-03-26 02:32:00,10.58291,10.58291,10.41625,10.45792,60100
IDI,2024-03-26 02:33:00,10.45792,10.49958,10.45792,10.49958,1700
IDI,2024-03-26 02:34:00,10.49958,10.49958,10.45792,10.45792,11300
IDI,2024-03-26 02:35:00,10.45792,10.45792,10.45792,10.45792,9600
IDI,2024-03-26 02:36:00,10.45792,10.45792,10.41625,10.45792,3900
IDI,2024-03-26 02:37:00,10.45792,10.45792,10.41625,10.41625,26000
IDI,2024-03-26 02:38:00,10.41625,10.41625,10.41625,10.41625,6600
IDI,2024-03-26 02:40:00,10.41625,10.41625,10.41625,10.41625,1000
IDI,2024-03-26 02:41:00,10.41625,10.41625,10.41625,10.41625,31600
IDI,2024-03-26 02:42:00,10.41625,10.41625,10.41625,10.41625,5200
IDI,2024-03-26 02:43:00,10.41625,10.41625,10.41625,10.41625,1000
IDI,2024-03-26 02:44:00,10.41625,10.41625,10.41625,10.41625,4800
IDI,2024-03-26 02:45:00,10.41625,10.41625,10.41625,10.41625,1900
IDI,2024-03-26 02:46:00,10.41625,10.41625,10.41625,10.41625,1000
IDI,2024-03-26 02:47:00,10.41625,10.41625,10.41625,10.41625,2000
IDI,2024-03-26 02:48:00,10.41625,10.41625,10.41625,10.41625,1900
IDI,2024-03-26 02:49:00,10.41625,10.45792,10.41625,10.45792,6200
IDI,2024-03-26 02:52:00,10.45792,10.45792,10.41625,10.45792,7800
IDI,2024-03-26 02:54:00,10.45792,10.45792,10.45792,10.45792,2800
IDI,2024-03-26 02:56:00,10.45792,10.45792,10.41625,10.45792,10100
IDI,2024-03-26 02:57:00,10.45792,10.54125,10.45792,10.54125,115000
IDI,2024-03-26 02:58:00,10.54125,10.58291,10.54125,10.58291,86000
IDI,2024-03-26 02:59:00,10.58291,10.62458,10.58291,10.62458,206700
IDI,2024-03-26 03:00:00,10.62458,10.74957,10.62458,10.74957,195600
IDI,2024-03-26 03:01:00,10.74957,10.8329,10.74957,10.8329,307800
IDI,2024-03-26 03:02:00,10.8329,10.87457,10.8329,10.87457,130400
IDI,2024-03-26 03:03:00,10.87457,10.87457,10.8329,10.8329,211700
IDI,2024-03-26 03:04:00,10.8329,10.8329,10.79124,10.8329,30500
IDI,2024-03-26 03:05:00,10.8329,10.8329,10.79124,10.79124,42400
IDI,2024-03-26 03:06:00,10.79124,10.79124,10.74957,10.74957,15400
IDI,2024-03-26 03:07:00,10.74957,10.79124,10.74957,10.74957,21300
IDI,2024-03-26 03:08:00,10.74957,10.79124,10.74957,10.79124,40100
IDI,2024-03-26 03:09:00,10.79124,10.79124,10.74957,10.79124,19200
IDI,2024-03-26 03:10:00,10.79124,10.79124,10.74957,10.74957,17800
IDI,2024-03-26 03:11:00,10.74957,10.79124,10.74957,10.79124,8900
IDI,2024-03-26 03:12:00,10.79124,10.79124,10.74957,10.79124,10100
IDI,2024-03-26 03:13:00,10.79124,10.79124,10.74957,10.74957,21600
IDI,2024-03-26 03:14:00,10.74957,10.74957,10.70791,10.70791,3200
IDI,2024-03-26 03:15:00,10.70791,10.70791,10.70791,10.70791,1000
IDI,2024-03-26 03:16:00,10.70791,10.70791,10.70791,10.70791,101000
IDI,2024-03-26 03:17:00,10.70791,10.70791,10.66624,10.66624,12700
IDI,2024-03-26 03:18:00,10.66624,10.70791,10.66624,10.70791,17100
IDI,2024-03-26 03:19:00,10.70791,10.70791,10.70791,10.70791,8600
IDI,2024-03-26 03:20:00,10.70791,10.70791,10.70791,10.70791,2300
IDI,2024-03-26 03:21:00,10.70791,10.70791,10.70791,10.70791,19400
IDI,2024-03-26 03:22:00,10.70791,10.70791,10.66624,10.66624,2900
IDI,2024-03-26 03:24:00,10.66624,10.70791,10.66624,10.70791,1700
IDI,2024-03-26 03:25:00,10.70791,10.70791,10.70791,10.70791,100
IDI,2024-03-26 03:26:00,10.70791,10.70791,10.66624,10.66624,7800
IDI,2024-03-26 03:27:00,10.66624,10.66624,10.66624,10.66624,6500
IDI,2024-03-26 03:28:00,10.66624,10.66624,10.66624,10.66624,1100
IDI,2024-03-26 03:29:00,10.66624,10.66624,10.66624,10.66624,7900
IDI,2024-03-26 03:30:00,10.66624,10.66624,10.66624,10.66624,17100
IDI,2024-03-26 03:31:00,10.66624,10.66624,10.66624,10.66624,300
IDI,2024-03-26 03:32:00,10.66624,10.66624,10.66624,10.66624,71200
IDI,2024-03-26 03:34:00,10.66624,10.66624,10.66624,10.66624,4100
IDI,2024-03-26 03:35:00,10.66624,10.66624,10.66624,10.66624,21100
IDI,2024-03-26 03:36:00,10.66624,10.66624,10.66624,10.66624,800
IDI,2024-03-26 03:38:00,10.66624,10.66624,10.62458,10.62458,200
IDI,2024-03-26 03:39:00,10.62458,10.62458,10.62458,10.62458,2000
IDI,2024-03-26 03:40:00,10.62458,10.62458,10.62458,10.62458,2500
IDI,2024-03-26 03:41:00,10.62458,10.62458,10.62458,10.62458,1500
IDI,2024-03-26 03:42:00,10.62458,10.62458,10.62458,10.62458,500
IDI,2024-03-26 03:43:00,10.62458,10.66624,10.62458,10.66624,7000
IDI,2024-03-26 03:44:00,10.66624,10.66624,10.66624,10.66624,15000
IDI,2024-03-26 03:45:00,10.66624,10.66624,10.62458,10.66624,14600
IDI,2024-03-26 03:46:00,10.66624,10.66624,10.66624,10.66624,8800
IDI,2024-03-26 03:47:00,10.66624,10.70791,10.66624,10.70791,100
IDI,2024-03-26 03:48:00,10.70791,10.70791,10.70791,10.70791,100
IDI,2024-03-26 03:49:00,10.70791,10.70791,10.70791,10.70791,12600
IDI,2024-03-26 03:50:00,10.70791,10.70791,10.70791,10.70791,700
IDI,2024-03-26 03:51:00,10.70791,10.70791,10.66624,10.66624,25000
IDI,2024-03-26 03:52:00,10.66624,10.66624,10.66624,10.66624,19000
IDI,2024-03-26 03:53:00,10.66624,10.66624,10.66624,10.66624,14100
IDI,2024-03-26 03:54:00,10.66624,10.66624,10.66624,10.66624,8000
IDI,2024-03-26 03:57:00,10.66624,10.66624,10.66624,10.66624,200
IDI,2024-03-26 03:58:00,10.66624,10.66624,10.66624,10.66624,20500
IDI,2024-03-26 03:59:00,10.66624,10.66624,10.66624,10.66624,1000
IDI,2024-03-26 04:00:00,10.66624,10.66624,10.66624,10.66624,500
IDI,2024-03-26 04:02:00,10.66624,10.66624,10.66624,10.66624,2500
IDI,2024-03-26 04:03:00,10.66624,10.66624,10.62458,10.62458,2200
IDI,2024-03-26 04:04:00,10.62458,10.66624,10.62458,10.66624,700
IDI,2024-03-26 04:05:00,10.66624,10.66624,10.66624,10.66624,17400
IDI,2024-03-26 04:06:00,10.66624,10.66624,10.66624,10.66624,3300
IDI,2024-03-26 04:07:00,10.66624,10.66624,10.66624,10.66624,6500
IDI,2024-03-26 04:08:00,10.66624,10.66624,10.66624,10.66624,2700
IDI,2024-03-26 04:09:00,10.66624,10.66624,10.66624,10.66624,13000
IDI,2024-03-26 04:10:00,10.66624,10.66624,10.66624,10.66624,5300
IDI,2024-03-26 04:11:00,10.66624,10.66624,10.62458,10.62458,1000
IDI,2024-03-26 04:12:00,10.62458,10.66624,10.62458,10.62458,1500
IDI,2024-03-26 04:13:00,10.62458,10.62458,10.62458,10.62458,18600
IDI,2024-03-26 04:14:00,10.62458,10.62458,10.62458,10.62458,8000
IDI,2024-03-26 04:15:00,10.62458,10.62458,10.62458,10.62458,14400
IDI,2024-03-26 04:16:00,10.62458,10.66624,10.62458,10.66624,600
IDI,2024-03-26 04:17:00,10.66624,10.66624,10.66624,10.66624,500
IDI,2024-03-26 04:19:00,10.66624,10.66624,10.62458,10.62458,15600
IDI,2024-03-26 04:20:00,10.62458,10.62458,10.62458,10.62458,5000
IDI,2024-03-26 04:21:00,10.62458,10.62458,10.62458,10.62458,800
IDI,2024-03-26 04:23:00,10.62458,10.62458,10.62458,10.62458,10000
IDI,2024-03-26 04:24:00,10.62458,10.62458,10.62458,10.62458,11400
IDI,2024-03-26 04:25:00,10.62458,10.62458,10.62458,10.62458,15000
IDI,2024-03-26 04:26:00,10.62458,10.62458,10.62458,10.62458,16500
IDI,2024-03-26 04:27:00,10.62458,10.62458,10.62458,10.62458,10000
IDI,2024-03-26 04:28:00,10.62458,10.62458,10.62458,10.62458,1000
IDI,2024-03-26 06:00:00,10.62458,10.66624,10.58291,10.58291,39400
IDI,2024-03-26 06:01:00,10.58291,10.62458,10.58291,10.62458,1000
IDI,2024-03-26 06:02:00,10.62458,10.62458,10.58291,10.62458,6900
IDI,2024-03-26 06:03:00,10.62458,10.62458,10.62458,10.62458,6900
IDI,2024-03-26 06:04:00,10.62458,10.62458,10.62458,10.62458,600
IDI,2024-03-26 06:05:00,10.62458,10.62458,10.62458,10.62458,6300
IDI,2024-03-26 06:06:00,10.62458,10.62458,10.62458,10.62458,400
IDI,2024-03-26 06:07:00,10.62458,10.62458,10.58291,10.58291,1000
IDI,2024-03-26 06:08:00,10.58291,10.62458,10.58291,10.58291,3500
IDI,2024-03-26 06:09:00,10.58291,10.58291,10.58291,10.58291,2000
IDI,2024-03-26 06:10:00,10.58291,10.58291,10.58291,10.58291,11600
IDI,2024-03-26 06:11:00,10.58291,10.62458,10.58291,10.62458,1000
IDI,2024-03-26 06:12:00,10.62458,10.62458,10.62458,10.62458,16500
IDI,2024-03-26 06:13:00,10.62458,10.62458,10.62458,10.62458,2700
IDI,2024-03-26 06:14:00,10.62458,10.62458,10.62458,10.62458,10600
IDI,2024-03-26 06:15:00,10.62458,10.62458,10.62458,10.62458,2100
IDI,2024-03-26 06:16:00,10.62458,10.62458,10.62458,10.62458,3900
IDI,2024-03-26 06:17:00,10.62458,10.62458,10.58291,10.58291,3300
IDI,2024-03-26 06:19:00,10.58291,10.62458,10.58291,10.62458,1200
IDI,2024-03-26 06:20:00,10.62458,10.62458,10.58291,10.62458,13100
IDI,2024-03-26 06:21:00,10.62458,10.66624,10.62458,10.66624,5600
IDI,2024-03-26 06:22:00,10.66624,10.66624,10.66624,10.66624,600
IDI,2024-03-26 06:23:00,10.66624,10.66624,10.66624,10.66624,4400
IDI,2024-03-26 06:24:00,10.66624,10.66624,10.62458,10.66624,7200
IDI,2024-03-26 06:25:00,10.66624,10.66624,10.66624,10.66624,16300
IDI,2024-03-26 06:26:00,10.66624,10.66624,10.62458,10.66624,50100
IDI,2024-03-26 06:27:00,10.66624,10.66624,10.62458,10.62458,23000
IDI,2024-03-26 06:28:00,10.62458,10.62458,10.62458,10.62458,14000
IDI,2024-03-26 06:29:00,10.62458,10.62458,10.62458,10.62458,17000
IDI,2024-03-26 06:30:00,10.62458,10.62458,10.62458,10.62458,1700
IDI,2024-03-26 06:31:00,10.62458,10.66624,10.62458,10.66624,3300
IDI,2024-03-26 06:33:00,10.66624,10.66624,10.66624,10.66624,45000
IDI,2024-03-26 06:34:00,10.66624,10.66624,10.66624,10.66624,5100
IDI,2024-03-26 06:35:00,10.66624,10.66624,10.66624,10.66624,11000
IDI,2024-03-26 06:36:00,10.66624,10.66624,10.66624,10.66624,42700
IDI,2024-03-26 06:37:00,10.66624,10.66624,10.66624,10.66624,6900
IDI,2024-03-26 06:38:00,10.66624,10.66624,10.66624,10.66624,20800
IDI,2024-03-26 06:39:00,10.66624,10.70791,10.66624,10.70791,6400
IDI,2024-03-26 06:40:00,10.70791,10.70791,10.66624,10.66624,5300
IDI,2024-03-26 06:41:00,10.66624,10.70791,10.66624,10.66624,9200
IDI,2024-03-26 06:42:00,10.66624,10.66624,10.66624,10.66624,44200
IDI,2024-03-26 06:43:00,10.66624,10.66624,10.66624,10.66624,2500
IDI,2024-03-26 06:44:00,10.66624,10.66624,10.66624,10.66624,16600
IDI,2024-03-26 06:45:00,10.66624,10.70791,10.66624,10.70791,7300
IDI,2024-03-26 06:46:00,10.70791,10.70791,10.66624,10.70791,300
IDI,2024-03-26 06:47:00,10.70791,10.70791,10.70791,10.70791,3500
IDI,2024-03-26 06:48:00,10.70791,10.70791,10.70791,10.70791,400
IDI,2024-03-26 06:49:00,10.70791,10.70791,10.70791,10.70791,300
IDI,2024-03-26 06:50:00,10.70791,10.70791,10.66624,10.66624,57500
IDI,2024-03-26 06:51:00,10.66624,10.66624,10.62458,10.62458,300
IDI,2024-03-26 06:52:00,10.62458,10.62458,10.62458,10.62458,1000
IDI,2024-03-26 06:53:00,10.62458,10.66624,10.62458,10.62458,13600
IDI,2024-03-26 06:54:00,10.62458,10.66624,10.62458,10.66624,10200
IDI,2024-03-26 06:56:00,10.66624,10.66624,10.66624,10.66624,3000
IDI,2024-03-26 06:57:00,10.66624,10.66624,10.66624,10.66624,1900
IDI,2024-03-26 06:58:00,10.66624,10.66624,10.62458,10.62458,7000
IDI,2024-03-26 06:59:00,10.62458,10.66624,10.62458,10.66624,9200
IDI,2024-03-26 07:01:00,10.66624,10.66624,10.62458,10.66624,10900
IDI,2024-03-26 07:02:00,10.66624,10.66624,10.66624,10.66624,10000
IDI,2024-03-26 07:03:00,10.66624,10.66624,10.66624,10.66624,10300
IDI,2024-03-26 07:04:00,10.66624,10.66624,10.66624,10.66624,6900
IDI,2024-03-26 07:05:00,10.66624,10.66624,10.66624,10.66624,15900
IDI,2024-03-26 07:06:00,10.66624,10.66624,10.66624,10.66624,5600
IDI,2024-03-26 07:07:00,10.66624,10.66624,10.66624,10.66624,3000
IDI,2024-03-26 07:08:00,10.66624,10.66624,10.66624,10.66624,200
IDI,2024-03-26 07:09:00,10.66624,10.66624,10.66624,10.66624,4300
IDI,2024-03-26 07:10:00,10.66624,10.66624,10.62458,10.66624,300
IDI,2024-03-26 07:11:00,10.66624,10.66624,10.62458,10.62458,5300
IDI,2024-03-26 07:12:00,10.62458,10.62458,10.62458,10.62458,19500
IDI,2024-03-26 07:13:00,10.62458,10.62458,10.62458,10.62458,6000
IDI,2024-03-26 07:14:00,10.62458,10.62458,10.62458,10.62458,6000
IDI,2024-03-26 07:15:00,10.62458,10.66624,10.62458,10.66624,14100
IDI,2024-03-26 07:16:00,10.66624,10.66624,10.66624,10.66624,100
IDI,2024-03-26 07:17:00,10.66624,10.66624,10.66624,10.66624,100
IDI,2024-03-26 07:18:00,10.66624,10.66624,10.66624,10.66624,3000
IDI,2024-03-26 07:19:00,10.66624,10.66624,10.62458,10.62458,9000
IDI,2024-03-26 07:20:00,10.62458,10.66624,10.62458,10.62458,3100
IDI,2024-03-26 07:21:00,10.62458,10.62458,10.62458,10.62458,5200
IDI,2024-03-26 07:22:00,10.62458,10.62458,10.62458,10.62458,2000
IDI,2024-03-26 07:23:00,10.62458,10.66624,10.62458,10.66624,6700
IDI,2024-03-26 07:24:00,10.66624,10.66624,10.66624,10.66624,1500
IDI,2024-03-26 07:25:00,10.66624,10.66624,10.62458,10.62458,16800
IDI,2024-03-26 07:26:00,10.62458,10.66624,10.62458,10.62458,83100
IDI,2024-03-26 07:27:00,10.62458,10.62458,10.62458,10.62458,15600
IDI,2024-03-26 07:28:00,10.62458,10.62458,10.58291,10.62458,11200
IDI,2024-03-26 07:29:00,10.62458,10.66624,10.58291,10.66624,34700
IDI,2024-03-26 07:45:00,10.66624,10.66624,10.66624,10.66624,157600
IDI,2024-03-27 02:15:00,10.74957,10.74957,10.74957,10.74957,81900
IDI,2024-03-27 02:16:00,10.74957,10.74957,10.74957,10.74957,14900
IDI,2024-03-27 02:17:00,10.74957,10.74957,10.74957,10.74957,13200
IDI,2024-03-27 02:18:00,10.74957,10.74957,10.70791,10.70791,3100
IDI,2024-03-27 02:19:00,10.70791,10.74957,10.70791,10.70791,4700
IDI,2024-03-27 02:20:00,10.70791,10.70791,10.66624,10.66624,35100
IDI,2024-03-27 02:21:00,10.66624,10.70791,10.66624,10.66624,1400
IDI,2024-03-27 02:22:00,10.66624,10.66624,10.66624,10.66624,700
IDI,2024-03-27 02:23:00,10.66624,10.66624,10.66624,10.66624,10600
IDI,2024-03-27 02:24:00,10.66624,10.66624,10.62458,10.62458,14100
IDI,2024-03-27 02:25:00,10.62458,10.62458,10.62458,10.62458,5600
IDI,2024-03-27 02:26:00,10.62458,10.62458,10.62458,10.62458,32100
IDI,2024-03-27 02:27:00,10.62458,10.62458,10.62458,10.62458,300
IDI,2024-03-27 02:28:00,10.62458,10.66624,10.62458,10.62458,3500
IDI,2024-03-27 02:29:00,10.62458,10.66624,10.62458,10.66624,6100
IDI,2024-03-27 02:30:00,10.66624,10.66624,10.66624,10.66624,13100
IDI,2024-03-27 02:31:00,10.66624,10.70791,10.66624,10.70791,8000
IDI,2024-03-27 02:32:00,10.70791,10.70791,10.70791,10.70791,4100
IDI,2024-03-27 02:34:00,10.70791,10.70791,10.66624,10.66624,7100
IDI,2024-03-27 02:35:00,10.66624,10.66624,10.66624,10.66624,6800
IDI,2024-03-27 02:37:00,10.66624,10.66624,10.66624,10.66624,1900
IDI,2024-03-27 02:38:00,10.66624,10.66624,10.66624,10.66624,100
IDI,2024-03-27 02:39:00,10.66624,10.66624,10.66624,10.66624,5000
IDI,2024-03-27 02:40:00,10.66624,10.70791,10.66624,10.70791,7800
IDI,2024-03-27 02:41:00,10.70791,10.70791,10.70791,10.70791,1300
IDI,2024-03-27 02:42:00,10.70791,10.70791,10.66624,10.66624,2200
IDI,2024-03-27 02:43:00,10.66624,10.66624,10.66624,10.66624,8000
IDI,2024-03-27 02:44:00,10.66624,10.66624,10.66624,10.66624,18300
IDI,2024-03-27 02:45:00,10.66624,10.66624,10.66624,10.66624,17500
IDI,2024-03-27 02:46:00,10.66624,10.66624,10.66624,10.66624,11600
IDI,2024-03-27 02:47:00,10.66624,10.66624,10.66624,10.66624,9000
IDI,2024-03-27 02:48:00,10.66624,10.66624,10.66624,10.66624,14200
IDI,2024-03-27 02:49:00,10.66624,10.66624,10.66624,10.66624,1200
IDI,2024-03-27 02:50:00,10.66624,10.66624,10.66624,10.66624,1600
IDI,2024-03-27 02:51:00,10.66624,10.66624,10.66624,10.66624,20200
IDI,2024-03-27 02:52:00,10.66624,10.66624,10.62458,10.62458,6200
IDI,2024-03-27 02:53:00,10.62458,10.62458,10.62458,10.62458,1000
IDI,2024-03-27 02:54:00,10.62458,10.62458,10.62458,10.62458,61200
IDI,2024-03-27 02:55:00,10.62458,10.66624,10.62458,10.66624,16200
IDI,2024-03-27 02:57:00,10.66624,10.66624,10.66624,10.66624,300
IDI,2024-03-27 02:59:00,10.66624,10.66624,10.66624,10.66624,2100
IDI,2024-03-27 03:00:00,10.66624,10.66624,10.66624,10.66624,1500
IDI,2024-03-27 03:01:00,10.66624,10.66624,10.66624,10.66624,19500
IDI,2024-03-27 03:03:00,10.66624,10.66624,10.66624,10.66624,20000
IDI,2024-03-27 03:04:00,10.66624,10.66624,10.66624,10.66624,300
IDI,2024-03-27 03:05:00,10.66624,10.66624,10.62458,10.62458,10100
IDI,2024-03-27 03:08:00,10.62458,10.62458,10.62458,10.62458,75700
IDI,2024-03-27 03:09:00,10.62458,10.62458,10.62458,10.62458,10800
IDI,2024-03-27 03:11:00,10.62458,10.62458,10.58291,10.58291,600
IDI,2024-03-27 03:12:00,10.58291,10.58291,10.58291,10.58291,140800
IDI,2024-03-27 03:13:00,10.58291,10.58291,10.58291,10.58291,100
IDI,2024-03-27 03:14:00,10.58291,10.58291,10.54125,10.54125,6600
IDI,2024-03-27 03:15:00,10.54125,10.54125,10.54125,10.54125,6900
IDI,2024-03-27 03:16:00,10.54125,10.54125,10.54125,10.54125,66100
IDI,2024-03-27 03:18:00,10.54125,10.58291,10.54125,10.58291,500
IDI,2024-03-27 03:19:00,10.58291,10.58291,10.58291,10.58291,44800
IDI,2024-03-27 03:20:00,10.58291,10.58291,10.58291,10.58291,6000
IDI,2024-03-27 03:21:00,10.58291,10.58291,10.58291,10.58291,100
IDI,2024-03-27 03:22:00,10.58291,10.58291,10.58291,10.58291,1000
IDI,2024-03-27 03:23:00,10.58291,10.62458,10.58291,10.62458,23100
IDI,2024-03-27 03:24:00,10.62458,10.62458,10.62458,10.62458,300
IDI,2024-03-27 03:25:00,10.62458,10.62458,10.62458,10.62458,100
IDI,2024-03-27 03:26:00,10.62458,10.62458,10.62458,10.62458,100
IDI,2024-03-27 03:27:00,10.62458,10.62458,10.58291,10.62458,700
IDI,2024-03-27 03:28:00,10.62458,10.62458,10.58291,10.58291,20100
IDI,2024-03-27 03:29:00,10.58291,10.58291,10.58291,10.58291,2000
IDI,2024-03-27 03:30:00,10.58291,10.62458,10.58291,10.62458,11100
IDI,2024-03-27 03:31:00,10.62458,10.62458,10.62458,10.62458,8700
IDI,2024-03-27 03:32:00,10.62458,10.62458,10.62458,10.62458,900
IDI,2024-03-27 03:33:00,10.62458,10.62458,10.62458,10.62458,2200
IDI,2024-03-27 03:34:00,10.62458,10.62458,10.62458,10.62458,2000
IDI,2024-03-27 03:35:00,10.62458,10.62458,10.62458,10.62458,1700
IDI,2024-03-27 03:36:00,10.62458,10.62458,10.58291,10.62458,2600
IDI,2024-03-27 03:37:00,10.62458,10.62458,10.62458,10.62458,700
IDI,2024-03-27 03:38:00,10.62458,10.62458,10.62458,10.62458,21500
IDI,2024-03-27 03:39:00,10.62458,10.62458,10.62458,10.62458,1200
IDI,2024-03-27 03:40:00,10.62458,10.66624,10.62458,10.66624,36900
IDI,2024-03-27 03:41:00,10.66624,10.70791,10.66624,10.66624,3100
IDI,2024-03-27 03:42:00,10.66624,10.66624,10.66624,10.66624,500
IDI,2024-03-27 03:43:00,10.66624,10.66624,10.66624,10.66624,500
IDI,2024-03-27 03:45:00,10.66624,10.70791,10.66624,10.70791,43900
IDI,2024-03-27 03:46:00,10.70791,10.70791,10.70791,10.70791,14200
IDI,2024-03-27 03:47:00,10.70791,10.70791,10.70791,10.70791,45900
IDI,2024-03-27 03:48:00,10.70791,10.70791,10.70791,10.70791,4900
IDI,2024-03-27 03:49:00,10.70791,10.70791,10.70791,10.70791,200
IDI,2024-03-27 03:50:00,10.70791,10.70791,10.70791,10.70791,40000
IDI,2024-03-27 03:51:00,10.70791,10.70791,10.70791,10.70791,1000
IDI,2024-03-27 03:52:00,10.70791,10.70791,10.70791,10.70791,20000
IDI,2024-03-27 03:53:00,10.70791,10.70791,10.70791,10.70791,4200
IDI,2024-03-27 03:54:00,10.70791,10.74957,10.70791,10.74957,3300
IDI,2024-03-27 03:55:00,10.74957,10.74957,10.70791,10.70791,400
IDI,2024-03-27 03:56:00,10.70791,10.70791,10.70791,10.70791,6500
IDI,2024-03-27 03:57:00,10.70791,10.70791,10.70791,10.70791,40200
IDI,2024-03-27 03:58:00,10.70791,10.70791,10.66624,10.66624,21600
IDI,2024-03-27 03:59:00,10.66624,10.66624,10.66624,10.66624,44300
IDI,2024-03-27 04:00:00,10.66624,10.66624,10.66624,10.66624,16200
IDI,2024-03-27 04:01:00,10.66624,10.66624,10.62458,10.62458,33900
IDI,2024-03-27 04:02:00,10.62458,10.62458,10.62458,10.62458,2100
IDI,2024-03-27 04:04:00,10.62458,10.62458,10.62458,10.62458,1000
IDI,2024-03-27 04:05:00,10.62458,10.62458,10.62458,10.62458,4000
IDI,2024-03-27 04:06:00,10.62458,10.62458,10.62458,10.62458,107400
IDI,2024-03-27 04:08:00,10.62458,10.62458,10.62458,10.62458,100
IDI,2024-03-27 04:09:00,10.62458,10.62458,10.62458,10.62458,14000
IDI,2024-03-27 04:10:00,10.62458,10.62458,10.62458,10.62458,1200
IDI,2024-03-27 04:12:00,10.62458,10.62458,10.62458,10.62458,10700
IDI,2024-03-27 04:13:00,10.62458,10.62458,10.62458,10.62458,100
IDI,2024-03-27 04:14:00,10.62458,10.62458,10.62458,10.62458,200
IDI,2024-03-27 04:16:00,10.62458,10.62458,10.62458,10.62458,2000
IDI,2024-03-27 04:17:00,10.62458,10.62458,10.62458,10.62458,2300
IDI,2024-03-27 04:19:00,10.62458,10.62458,10.62458,10.62458,11600
IDI,2024-03-27 04:20:00,10.62458,10.62458,10.62458,10.62458,5000
IDI,2024-03-27 04:21:00,10.62458,10.62458,10.62458,10.62458,5000
IDI,2024-03-27 04:22:00,10.62458,10.62458,10.62458,10.62458,3800
IDI,2024-03-27 04:24:00,10.62458,10.62458,10.62458,10.62458,5000
IDI,2024-03-27 04:25:00,10.62458,10.66624,10.62458,10.66624,2000
IDI,2024-03-27 04:27:00,10.66624,10.66624,10.62458,10.62458,1200
IDI,2024-03-27 06:00:00,10.62458,10.66624,10.62458,10.62458,23000
IDI,2024-03-27 06:01:00,10.62458,10.62458,10.62458,10.62458,2000
IDI,2024-03-27 06:02:00,10.62458,10.62458,10.58291,10.58291,17100
IDI,2024-03-27 06:03:00,10.58291,10.58291,10.58291,10.58291,88900
IDI,2024-03-27 06:04:00,10.58291,10.58291,10.58291,10.58291,1700
IDI,2024-03-27 06:05:00,10.58291,10.58291,10.58291,10.58291,26500
IDI,2024-03-27 06:06:00,10.58291,10.58291,10.58291,10.58291,6400
IDI,2024-03-27 06:07:00,10.58291,10.62458,10.58291,10.58291,6900
IDI,2024-03-27 06:08:00,10.58291,10.62458,10.58291,10.62458,700
IDI,2024-03-27 06:09:00,10.62458,10.62458,10.62458,10.62458,46800
IDI,2024-03-27 06:10:00,10.62458,10.62458,10.62458,10.62458,5600
IDI,2024-03-27 06:12:00,10.62458,10.62458,10.62458,10.62458,3000
IDI,2024-03-27 06:14:00,10.62458,10.62458,10.62458,10.62458,1500
IDI,2024-03-27 06:15:00,10.62458,10.62458,10.62458,10.62458,11500
IDI,2024-03-27 06:16:00,10.62458,10.66624,10.62458,10.66624,24500
IDI,2024-03-27 06:20:00,10.66624,10.66624,10.62458,10.62458,31000
IDI,2024-03-27 06:22:00,10.62458,10.62458,10.62458,10.62458,2400
IDI,2024-03-27 06:23:00,10.62458,10.62458,10.62458,10.62458,20100
IDI,2024-03-27 06:24:00,10.62458,10.62458,10.62458,10.62458,400
IDI,2024-03-27 06:25:00,10.62458,10.66624,10.62458,10.66624,2800
IDI,2024-03-27 06:28:00,10.66624,10.66624,10.66624,10.66624,100
IDI,2024-03-27 06:30:00,10.66624,10.66624,10.66624,10.66624,3900
IDI,2024-03-27 06:31:00,10.66624,10.66624,10.62458,10.66624,3000
IDI,2024-03-27 06:32:00,10.66624,10.66624,10.66624,10.66624,100
IDI,2024-03-27 06:34:00,10.66624,10.66624,10.62458,10.62458,2000
IDI,2024-03-27 06:35:00,10.62458,10.66624,10.62458,10.66624,100
IDI,2024-03-27 06:36:00,10.66624,10.66624,10.66624,10.66624,2000
IDI,2024-03-27 06:37:00,10.66624,10.66624,10.66624,10.66624,5000
IDI,2024-03-27 06:38:00,10.66624,10.66624,10.62458,10.62458,15400
IDI,2024-03-27 06:39:00,10.62458,10.66624,10.62458,10.62458,200
IDI,2024-03-27 06:41:00,10.62458,10.62458,10.62458,10.62458,2000
IDI,2024-03-27 06:42:00,10.62458,10.62458,10.62458,10.62458,500
IDI,2024-03-27 06:43:00,10.62458,10.62458,10.62458,10.62458,37800
IDI,2024-03-27 06:44:00,10.62458,10.62458,10.62458,10.62458,1600
IDI,2024-03-27 06:45:00,10.62458,10.62458,10.62458,10.62458,3500
IDI,2024-03-27 06:46:00,10.62458,10.62458,10.62458,10.62458,2500
IDI,2024-03-27 06:47:00,10.62458,10.62458,10.62458,10.62458,3000
IDI,2024-03-27 06:48:00,10.62458,10.62458,10.62458,10.62458,500
IDI,2024-03-27 06:49:00,10.62458,10.62458,10.62458,10.62458,500
IDI,2024-03-27 06:50:00,10.62458,10.66624,10.62458,10.62458,3900
IDI,2024-03-27 06:51:00,10.62458,10.66624,10.62458,10.62458,1800
IDI,2024-03-27 06:52:00,10.62458,10.62458,10.62458,10.62458,5200
IDI,2024-03-27 06:54:00,10.62458,10.62458,10.62458,10.62458,3000
IDI,2024-03-27 06:55:00,10.62458,10.66624,10.62458,10.66624,8700
IDI,2024-03-27 06:57:00,10.66624,10.66624,10.66624,10.66624,1200
IDI,2024-03-27 06:58:00,10.66624,10.66624,10.66624,10.66624,1600
IDI,2024-03-27 06:59:00,10.66624,10.66624,10.62458,10.66624,10600
IDI,2024-03-27 07:00:00,10.66624,10.66624,10.66624,10.66624,50000
IDI,2024-03-27 07:02:00,10.66624,10.66624,10.66624,10.66624,20100
IDI,2024-03-27 07:03:00,10.66624,10.66624,10.66624,10.66624,25000
IDI,2024-03-27 07:04:00,10.66624,10.70791,10.66624,10.66624,23400
IDI,2024-03-27 07:05:00,10.66624,10.66624,10.66624,10.66624,11800
IDI,2024-03-27 07:06:00,10.66624,10.66624,10.66624,10.66624,3500
IDI,2024-03-27 07:07:00,10.66624,10.66624,10.66624,10.66624,3000
IDI,2024-03-27 07:08:00,10.66624,10.70791,10.66624,10.70791,11000
IDI,2024-03-27 07:09:00,10.70791,10.70791,10.66624,10.66624,1200
IDI,2024-03-27 07:10:00,10.66624,10.66624,10.66624,10.66624,1000
IDI,2024-03-27 07:11:00,10.66624,10.66624,10.66624,10.66624,3000
IDI,2024-03-27 07:12:00,10.66624,10.66624,10.66624,10.66624,3900
IDI,2024-03-27 07:13:00,10.66624,10.66624,10.66624,10.66624,5600
IDI,2024-03-27 07:14:00,10.66624,10.66624,10.62458,10.66624,12100
IDI,2024-03-27 07:15:00,10.66624,10.66624,10.66624,10.66624,19500
IDI,2024-03-27 07:16:00,10.66624,10.66624,10.66624,10.66624,2900
IDI,2024-03-27 07:17:00,10.66624,10.66624,10.66624,10.66624,3700
IDI,2024-03-27 07:18:00,10.66624,10.66624,10.66624,10.66624,40300
IDI,2024-03-27 07:19:00,10.66624,10.66624,10.62458,10.66624,1300
IDI,2024-03-27 07:20:00,10.66624,10.66624,10.62458,10.62458,13000
IDI,2024-03-27 07:21:00,10.62458,10.62458,10.62458,10.62458,34100
IDI,2024-03-27 07:22:00,10.62458,10.62458,10.62458,10.62458,19200
IDI,2024-03-27 07:23:00,10.62458,10.62458,10.62458,10.62458,12400
IDI,2024-03-27 07:24:00,10.62458,10.62458,10.62458,10.62458,3000
IDI,2024-03-27 07:25:00,10.62458,10.62458,10.62458,10.62458,9700
IDI,2024-03-27 07:26:00,10.62458,10.62458,10.62458,10.62458,21300
IDI,2024-03-27 07:27:00,10.62458,10.62458,10.62458,10.62458,7000
IDI,2024-03-27 07:28:00,10.62458,10.62458,10.62458,10.62458,5000
IDI,2024-03-27 07:29:00,10.62458,10.66624,10.62458,10.66624,9200
IDI,2024-03-27 07:45:00,10.66624,10.66624,10.66624,10.66624,43400
IDI,2024-03-28 02:15:00,10.70791,10.70791,10.70791,10.70791,46600
IDI,2024-03-28 02:16:00,10.70791,10.74957,10.70791,10.74957,2200
IDI,2024-03-28 02:17:00,10.74957,10.74957,10.70791,10.70791,5500
IDI,2024-03-28 02:18:00,10.70791,10.70791,10.70791,10.70791,13400
IDI,2024-03-28 02:19:00,10.70791,10.70791,10.66624,10.66624,3000
IDI,2024-03-28 02:20:00,10.66624,10.70791,10.66624,10.70791,4100
IDI,2024-03-28 02:21:00,10.70791,10.70791,10.66624,10.66624,43400
IDI,2024-03-28 02:22:00,10.66624,10.70791,10.66624,10.70791,16800
IDI,2024-03-28 02:23:00,10.70791,10.70791,10.66624,10.66624,1800
IDI,2024-03-28 02:24:00,10.66624,10.70791,10.66624,10.66624,2300
IDI,2024-03-28 02:25:00,10.66624,10.70791,10.66624,10.70791,9000
IDI,2024-03-28 02:26:00,10.70791,10.70791,10.66624,10.66624,200
IDI,2024-03-28 02:27:00,10.66624,10.70791,10.66624,10.66624,11000
IDI,2024-03-28 02:28:00,10.66624,10.70791,10.66624,10.70791,97900
IDI,2024-03-28 02:29:00,10.70791,10.70791,10.70791,10.70791,68300
IDI,2024-03-28 02:30:00,10.70791,10.70791,10.66624,10.70791,37100
IDI,2024-03-28 02:31:00,10.70791,10.70791,10.70791,10.70791,120200
IDI,2024-03-28 02:32:00,10.70791,10.70791,10.70791,10.70791,41700
IDI,2024-03-28 02:33:00,10.70791,10.70791,10.70791,10.70791,17100
IDI,2024-03-28 02:34:00,10.70791,10.70791,10.70791,10.70791,30800
IDI,2024-03-28 02:35:00,10.70791,10.74957,10.70791,10.70791,67000
IDI,2024-03-28 02:36:00,10.70791,10.70791,10.70791,10.70791,11200
IDI,2024-03-28 02:37:00,10.70791,10.74957,10.70791,10.74957,222000
IDI,2024-03-28 02:38:00,10.74957,10.8329,10.74957,10.79124,166100
IDI,2024-03-28 02:39:00,10.79124,10.91623,10.79124,10.87457,325400
IDI,2024-03-28 02:40:00,10.87457,10.91623,10.87457,10.87457,91000
IDI,2024-03-28 02:41:00,10.87457,10.91623,10.87457,10.87457,105600
IDI,2024-03-28 02:42:00,10.87457,10.87457,10.87457,10.87457,19100
IDI,2024-03-28 02:43:00,10.87457,10.87457,10.8329,10.87457,63000
IDI,2024-03-28 02:44:00,10.87457,10.87457,10.87457,10.87457,29200
IDI,2024-03-28 02:45:00,10.87457,10.87457,10.8329,10.87457,23000
IDI,2024-03-28 02:46:00,10.87457,10.87457,10.8329,10.87457,36600
IDI,2024-03-28 02:47:00,10.87457,10.91623,10.87457,10.91623,81900
IDI,2024-03-28 02:48:00,10.91623,10.91623,10.87457,10.91623,20800
IDI,2024-03-28 02:49:00,10.91623,10.91623,10.91623,10.91623,50800
IDI,2024-03-28 02:50:00,10.91623,10.91623,10.87457,10.91623,51800
IDI,2024-03-28 02:51:00,10.91623,10.91623,10.91623,10.91623,130800
IDI,2024-03-28 02:52:00,10.91623,10.91623,10.91623,10.91623,86400
IDI,2024-03-28 02:53:00,10.91623,10.9579,10.91623,10.91623,45700
IDI,2024-03-28 02:54:00,10.91623,10.9579,10.91623,10.91623,16100
IDI,2024-03-28 02:55:00,10.91623,10.9579,10.91623,10.91623,77200
IDI,2024-03-28 02:56:00,10.91623,10.91623,10.87457,10.91623,67600
IDI,2024-03-28 02:57:00,10.91623,10.91623,10.87457,10.87457,20300
IDI,2024-03-28 02:58:00,10.87457,10.91623,10.87457,10.91623,44400
IDI,2024-03-28 02:59:00,10.91623,10.91623,10.87457,10.87457,10500
IDI,2024-03-28 03:00:00,10.87457,10.87457,10.87457,10.87457,137600
IDI,2024-03-28 03:01:00,10.87457,10.87457,10.87457,10.87457,91200
IDI,2024-03-28 03:02:00,10.87457,10.87457,10.8329,10.87457,172400
IDI,2024-03-28 03:03:00,10.87457,10.87457,10.8329,10.87457,14600
IDI,2024-03-28 03:04:00,10.87457,10.87457,10.8329,10.8329,6900
IDI,2024-03-28 03:05:00,10.8329,10.8329,10.8329,10.8329,10500
IDI,2024-03-28 03:06:00,10.8329,10.87457,10.8329,10.87457,9700
IDI,2024-03-28 03:07:00,10.87457,10.87457,10.8329,10.8329,9000
IDI,2024-03-28 03:08:00,10.8329,10.8329,10.8329,10.8329,1300
IDI,2024-03-28 03:09:00,10.8329,10.8329,10.8329,10.8329,126700
IDI,2024-03-28 03:10:00,10.8329,10.8329,10.8329,10.8329,12200
IDI,2024-03-28 03:11:00,10.8329,10.8329,10.79124,10.8329,49800
IDI,2024-03-28 03:12:00,10.8329,10.87457,10.8329,10.87457,15500
IDI,2024-03-28 03:13:00,10.87457,10.87457,10.8329,10.8329,41600
IDI,2024-03-28 03:14:00,10.8329,10.8329,10.8329,10.8329,31800
IDI,2024-03-28 03:15:00,10.8329,10.87457,10.8329,10.8329,21500
IDI,2024-03-28 03:16:00,10.8329,10.8329,10.8329,10.8329,6400
IDI,2024-03-28 03:17:00,10.8329,10.8329,10.8329,10.8329,14000
IDI,2024-03-28 03:18:00,10.8329,10.8329,10.8329,10.8329,5700
IDI,2024-03-28 03:19:00,10.8329,10.8329,10.8329,10.8329,1200
IDI,2024-03-28 03:20:00,10.8329,10.8329,10.8329,10.8329,1000
IDI,2024-03-28 03:21:00,10.8329,10.8329,10.8329,10.8329,1700
IDI,2024-03-28 03:22:00,10.8329,10.8329,10.8329,10.8329,3200
IDI,2024-03-28 03:23:00,10.8329,10.8329,10.8329,10.8329,6100
IDI,2024-03-28 03:24:00,10.8329,10.8329,10.8329,10.8329,300
IDI,2024-03-28 03:25:00,10.8329,10.8329,10.8329,10.8329,8000
IDI,2024-03-28 03:26:00,10.8329,10.8329,10.79124,10.79124,7300
IDI,2024-03-28 03:27:00,10.79124,10.79124,10.79124,10.79124,6300
IDI,2024-03-28 03:28:00,10.79124,10.8329,10.79124,10.8329,1100
IDI,2024-03-28 03:29:00,10.8329,10.8329,10.79124,10.8329,44600
IDI,2024-03-28 03:30:00,10.8329,10.8329,10.8329,10.8329,500
IDI,2024-03-28 03:31:00,10.8329,10.8329,10.8329,10.8329,2500
IDI,2024-03-28 03:32:00,10.8329,10.8329,10.79124,10.79124,3200
IDI,2024-03-28 03:34:00,10.79124,10.8329,10.79124,10.8329,2000
IDI,2024-03-28 03:35:00,10.8329,10.8329,10.8329,10.8329,1300
IDI,2024-03-28 03:36:00,10.8329,10.8329,10.79124,10.79124,11000
IDI,2024-03-28 03:37:00,10.79124,10.79124,10.79124,10.79124,100
IDI,2024-03-28 03:38:00,10.79124,10.79124,10.79124,10.79124,300
IDI,2024-03-28 03:39:00,10.79124,10.79124,10.79124,10.79124,200
IDI,2024-03-28 03:40:00,10.79124,10.79124,10.79124,10.79124,7100
IDI,2024-03-28 03:41:00,10.79124,10.79124,10.79124,10.79124,3500
IDI,2024-03-28 03:42:00,10.79124,10.8329,10.79124,10.79124,7400
IDI,2024-03-28 03:43:00,10.79124,10.79124,10.79124,10.79124,5000
IDI,2024-03-28 03:44:00,10.79124,10.79124,10.79124,10.79124,16500
IDI,2024-03-28 03:45:00,10.79124,10.79124,10.79124,10.79124,21000
IDI,2024-03-28 03:46:00,10.79124,10.79124,10.79124,10.79124,57000
IDI,2024-03-28 03:47:00,10.79124,10.79124,10.79124,10.79124,1400
IDI,2024-03-28 03:48:00,10.79124,10.79124,10.79124,10.79124,6200
IDI,2024-03-28 03:49:00,10.79124,10.79124,10.79124,10.79124,5000
IDI,2024-03-28 03:50:00,10.79124,10.79124,10.79124,10.79124,28600
IDI,2024-03-28 03:51:00,10.79124,10.79124,10.79124,10.79124,11000
IDI,2024-03-28 03:52:00,10.79124,10.79124,10.79124,10.79124,7600
IDI,2024-03-28 03:53:00,10.79124,10.8329,10.74957,10.74957,1700
IDI,2024-03-28 03:54:00,10.74957,10.74957,10.74957,10.74957,2600
IDI,2024-03-28 03:55:00,10.74957,10.74957,10.74957,10.74957,20300
IDI,2024-03-28 03:56:00,10.74957,10.79124,10.74957,10.79124,300
IDI,2024-03-28 03:57:00,10.79124,10.79124,10.79124,10.79124,1500
IDI,2024-03-28 03:58:00,10.79124,10.79124,10.79124,10.79124,2600
IDI,2024-03-28 03:59:00,10.79124,10.79124,10.79124,10.79124,15300
IDI,2024-03-28 04:00:00,10.79124,10.79124,10.79124,10.79124,7400
IDI,2024-03-28 04:01:00,10.79124,10.79124,10.79124,10.79124,3600
IDI,2024-03-28 04:02:00,10.79124,10.79124,10.79124,10.79124,10300
IDI,2024-03-28 04:03:00,10.79124,10.79124,10.79124,10.79124,20300
IDI,2024-03-28 04:04:00,10.79124,10.79124,10.79124,10.79124,2000
IDI,2024-03-28 04:05:00,10.79124,10.79124,10.79124,10.79124,3400
IDI,2024-03-28 04:06:00,10.79124,10.79124,10.79124,10.79124,600
IDI,2024-03-28 04:07:00,10.79124,10.79124,10.79124,10.79124,1300
IDI,2024-03-28 04:08:00,10.79124,10.79124,10.79124,10.79124,1500
IDI,2024-03-28 04:09:00,10.79124,10.79124,10.79124,10.79124,34400
IDI,2024-03-28 04:10:00,10.79124,10.79124,10.79124,10.79124,13900
IDI,2024-03-28 04:11:00,10.79124,10.79124,10.74957,10.79124,1100
IDI,2024-03-28 04:13:00,10.79124,10.79124,10.74957,10.74957,3100
IDI,2024-03-28 04:14:00,10.74957,10.74957,10.74957,10.74957,2000
IDI,2024-03-28 04:15:00,10.74957,10.74957,10.74957,10.74957,6000
IDI,2024-03-28 04:16:00,10.74957,10.74957,10.74957,10.74957,4000
IDI,2024-03-28 04:17:00,10.74957,10.74957,10.74957,10.74957,3100
IDI,2024-03-28 04:18:00,10.74957,10.74957,10.74957,10.74957,1000
IDI,2024-03-28 04:19:00,10.74957,10.74957,10.74957,10.74957,9200
IDI,2024-03-28 04:22:00,10.74957,10.74957,10.74957,10.74957,1300
IDI,2024-03-28 04:23:00,10.74957,10.79124,10.74957,10.79124,2800
IDI,2024-03-28 04:24:00,10.79124,10.79124,10.79124,10.79124,65900
IDI,2024-03-28 04:27:00,10.79124,10.79124,10.79124,10.79124,600
IDI,2024-03-28 04:28:00,10.79124,10.79124,10.79124,10.79124,18600
IDI,2024-03-28 04:29:00,10.79124,10.79124,10.79124,10.79124,3300
IDI,2024-03-28 06:00:00,10.79124,10.79124,10.74957,10.74957,48600
IDI,2024-03-28 06:01:00,10.74957,10.74957,10.74957,10.74957,20500
IDI,2024-03-28 06:02:00,10.74957,10.74957,10.74957,10.74957,19800
IDI,2024-03-28 06:03:00,10.74957,10.79124,10.74957,10.74957,14200
IDI,2024-03-28 06:04:00,10.74957,10.74957,10.74957,10.74957,48500
IDI,2024-03-28 06:05:00,10.74957,10.74957,10.74957,10.74957,71900
IDI,2024-03-28 06:06:00,10.74957,10.74957,10.70791,10.74957,18000
IDI,2024-03-28 06:07:00,10.74957,10.79124,10.74957,10.74957,5500
IDI,2024-03-28 06:08:00,10.74957,10.74957,10.74957,10.74957,18700
IDI,2024-03-28 06:09:00,10.74957,10.74957,10.74957,10.74957,8500
IDI,2024-03-28 06:10:00,10.74957,10.79124,10.74957,10.79124,1000
IDI,2024-03-28 06:12:00,10.79124,10.79124,10.74957,10.74957,1000
IDI,2024-03-28 06:13:00,10.74957,10.79124,10.74957,10.74957,6000
IDI,2024-03-28 06:14:00,10.74957,10.79124,10.74957,10.79124,20800
IDI,2024-03-28 06:15:00,10.79124,10.79124,10.79124,10.79124,4000
IDI,2024-03-28 06:16:00,10.79124,10.79124,10.79124,10.79124,35500
IDI,2024-03-28 06:17:00,10.79124,10.79124,10.79124,10.79124,5500
IDI,2024-03-28 06:19:00,10.79124,10.79124,10.79124,10.79124,3000
IDI,2024-03-28 06:20:00,10.79124,10.79124,10.79124,10.79124,2400
IDI,2024-03-28 06:21:00,10.79124,10.79124,10.74957,10.79124,11100
IDI,2024-03-28 06:22:00,10.79124,10.79124,10.79124,10.79124,6400
IDI,2024-03-28 06:24:00,10.79124,10.79124,10.74957,10.74957,3600
IDI,2024-03-28 06:25:00,10.74957,10.79124,10.74957,10.74957,18000
IDI,2024-03-28 06:26:00,10.74957,10.74957,10.74957,10.74957,100
IDI,2024-03-28 06:27:00,10.74957,10.74957,10.74957,10.74957,500
IDI,2024-03-28 06:28:00,10.74957,10.74957,10.74957,10.74957,2500
IDI,2024-03-28 06:29:00,10.74957,10.79124,10.74957,10.79124,17800
IDI,2024-03-28 06:30:00,10.79124,10.79124,10.74957,10.79124,2800
IDI,2024-03-28 06:31:00,10.79124,10.79124,10.79124,10.79124,500
IDI,2024-03-28 06:32:00,10.79124,10.79124,10.79124,10.79124,9000
IDI,2024-03-28 06:33:00,10.79124,10.79124,10.74957,10.74957,1200
IDI,2024-03-28 06:34:00,10.74957,10.74957,10.74957,10.74957,13900
IDI,2024-03-28 06:35:00,10.74957,10.74957,10.74957,10.74957,1100
IDI,2024-03-28 06:36:00,10.74957,10.79124,10.74957,10.74957,6600
IDI,2024-03-28 06:37:00,10.74957,10.79124,10.74957,10.79124,27700
IDI,2024-03-28 06:38:00,10.79124,10.79124,10.79124,10.79124,9300
IDI,2024-03-28 06:39:00,10.79124,10.79124,10.79124,10.79124,7300
IDI,2024-03-28 06:40:00,10.79124,10.79124,10.79124,10.79124,100
IDI,2024-03-28 06:41:00,10.79124,10.79124,10.74957,10.74957,11000
IDI,2024-03-28 06:42:00,10.74957,10.79124,10.74957,10.79124,14300
IDI,2024-03-28 06:43:00,10.79124,10.79124,10.74957,10.79124,69000
IDI,2024-03-28 06:44:00,10.79124,10.79124,10.79124,10.79124,500
IDI,2024-03-28 06:45:00,10.79124,10.79124,10.74957,10.74957,5700
IDI,2024-03-28 06:46:00,10.74957,10.74957,10.74957,10.74957,16300
IDI,2024-03-28 06:47:00,10.74957,10.74957,10.74957,10.74957,18100
IDI,2024-03-28 06:48:00,10.74957,10.74957,10.74957,10.74957,29000
IDI,2024-03-28 06:49:00,10.74957,10.74957,10.74957,10.74957,3100
IDI,2024-03-28 06:50:00,10.74957,10.74957,10.70791,10.70791,500
IDI,2024-03-28 06:51:00,10.70791,10.74957,10.70791,10.70791,7700
IDI,2024-03-28 06:52:00,10.70791,10.70791,10.70791,10.70791,20200
IDI,2024-03-28 06:53:00,10.70791,10.70791,10.70791,10.70791,15700
IDI,2024-03-28 06:54:00,10.70791,10.74957,10.70791,10.70791,1900
IDI,2024-03-28 06:55:00,10.70791,10.70791,10.70791,10.70791,5100
IDI,2024-03-28 06:56:00,10.70791,10.74957,10.70791,10.74957,4000
IDI,2024-03-28 06:57:00,10.74957,10.74957,10.70791,10.70791,4800
IDI,2024-03-28 06:58:00,10.70791,10.74957,10.70791,10.74957,5400
IDI,2024-03-28 06:59:00,10.74957,10.74957,10.70791,10.70791,2300
IDI,2024-03-28 07:00:00,10.70791,10.74957,10.70791,10.74957,3100
IDI,2024-03-28 07:01:00,10.74957,10.74957,10.74957,10.74957,13500
IDI,2024-03-28 07:02:00,10.74957,10.74957,10.74957,10.74957,26300
IDI,2024-03-28 07:03:00,10.74957,10.79124,10.74957,10.74957,9400
IDI,2024-03-28 07:04:00,10.74957,10.74957,10.74957,10.74957,18000
IDI,2024-03-28 07:05:00,10.74957,10.74957,10.74957,10.74957,700
IDI,2024-03-28 07:06:00,10.74957,10.74957,10.74957,10.74957,7800
IDI,2024-03-28 07:07:00,10.74957,10.79124,10.74957,10.74957,16000
IDI,2024-03-28 07:08:00,10.74957,10.79124,10.74957,10.74957,2500
IDI,2024-03-28 07:09:00,10.74957,10.79124,10.74957,10.79124,2000
IDI,2024-03-28 07:10:00,10.79124,10.79124,10.79124,10.79124,2100
IDI,2024-03-28 07:11:00,10.79124,10.79124,10.79124,10.79124,7400
IDI,2024-03-28 07:12:00,10.79124,10.79124,10.79124,10.79124,57400
IDI,2024-03-28 07:13:00,10.79124,10.79124,10.79124,10.79124,10900
IDI,2024-03-28 07:14:00,10.79124,10.79124,10.74957,10.74957,1000
IDI,2024-03-28 07:15:00,10.74957,10.74957,10.74957,10.74957,22300
IDI,2024-03-28 07:16:00,10.74957,10.79124,10.74957,10.79124,6700
IDI,2024-03-28 07:17:00,10.79124,10.79124,10.79124,10.79124,6500
IDI,2024-03-28 07:18:00,10.79124,10.79124,10.74957,10.74957,2100
IDI,2024-03-28 07:19:00,10.74957,10.74957,10.74957,10.74957,200
IDI,2024-03-28 07:20:00,10.74957,10.74957,10.74957,10.74957,9000
IDI,2024-03-28 07:21:00,10.74957,10.74957,10.74957,10.74957,2200
IDI,2024-03-28 07:22:00,10.74957,10.74957,10.74957,10.74957,100
IDI,2024-03-28 07:23:00,10.74957,10.74957,10.74957,10.74957,1500
IDI,2024-03-28 07:24:00,10.74957,10.79124,10.74957,10.79124,25800
IDI,2024-03-28 07:25:00,10.79124,10.79124,10.79124,10.79124,1500
IDI,2024-03-28 07:26:00,10.79124,10.79124,10.79124,10.79124,3600
IDI,2024-03-28 07:27:00,10.79124,10.79124,10.79124,10.79124,4800
IDI,2024-03-28 07:28:00,10.79124,10.79124,10.79124,10.79124,3100
IDI,2024-03-28 07:29:00,10.79124,10.79124,10.70791,10.70791,20800
IDI,2024-03-28 07:45:00,10.70791,10.70791,10.70791,10.70791,221000
IDI,2024-03-29 02:15:00,10.79124,10.79124,10.74957,10.79124,75800
IDI,2024-03-29 02:16:00,10.79124,10.79124,10.70791,10.70791,36400
IDI,2024-03-29 02:17:00,10.70791,10.74957,10.70791,10.74957,3000
IDI,2024-03-29 02:18:00,10.74957,10.79124,10.74957,10.74957,20900
IDI,2024-03-29 02:19:00,10.74957,10.74957,10.74957,10.74957,10000
IDI,2024-03-29 02:20:00,10.74957,10.74957,10.70791,10.70791,14400
IDI,2024-03-29 02:21:00,10.70791,10.74957,10.70791,10.74957,77200
IDI,2024-03-29 02:22:00,10.74957,10.74957,10.74957,10.74957,4000
IDI,2024-03-29 02:23:00,10.74957,10.74957,10.70791,10.70791,26500
IDI,2024-03-29 02:24:00,10.70791,10.74957,10.70791,10.74957,7400
IDI,2024-03-29 02:25:00,10.74957,10.74957,10.70791,10.70791,21300
IDI,2024-03-29 02:27:00,10.70791,10.74957,10.70791,10.74957,9200
IDI,2024-03-29 02:28:00,10.74957,10.74957,10.74957,10.74957,100
IDI,2024-03-29 02:29:00,10.74957,10.74957,10.70791,10.74957,66900
IDI,2024-03-29 02:30:00,10.74957,10.74957,10.70791,10.74957,2200
IDI,2024-03-29 02:31:00,10.74957,10.74957,10.70791,10.74957,18900
IDI,2024-03-29 02:32:00,10.74957,10.74957,10.70791,10.74957,21400
IDI,2024-03-29 02:33:00,10.74957,10.74957,10.74957,10.74957,1800
IDI,2024-03-29 02:34:00,10.74957,10.74957,10.74957,10.74957,500
IDI,2024-03-29 02:35:00,10.74957,10.74957,10.74957,10.74957,9000
IDI,2024-03-29 02:36:00,10.74957,10.74957,10.74957,10.74957,10900
IDI,2024-03-29 02:37:00,10.74957,10.74957,10.74957,10.74957,20300
IDI,2024-03-29 02:38:00,10.74957,10.74957,10.74957,10.74957,16000
IDI,2024-03-29 02:39:00,10.74957,10.74957,10.74957,10.74957,3100
IDI,2024-03-29 02:40:00,10.74957,10.74957,10.74957,10.74957,3600
IDI,2024-03-29 02:41:00,10.74957,10.74957,10.70791,10.74957,14000
IDI,2024-03-29 02:42:00,10.74957,10.74957,10.74957,10.74957,16200
IDI,2024-03-29 02:43:00,10.74957,10.74957,10.74957,10.74957,25000
IDI,2024-03-29 02:44:00,10.74957,10.74957,10.74957,10.74957,13300
IDI,2024-03-29 02:45:00,10.74957,10.74957,10.74957,10.74957,900
IDI,2024-03-29 02:47:00,10.74957,10.74957,10.74957,10.74957,400
IDI,2024-03-29 02:48:00,10.74957,10.74957,10.70791,10.74957,1400
IDI,2024-03-29 02:49:00,10.74957,10.74957,10.70791,10.74957,5100
IDI,2024-03-29 02:52:00,10.74957,10.74957,10.74957,10.74957,7300
IDI,2024-03-29 02:53:00,10.74957,10.74957,10.70791,10.70791,10300
IDI,2024-03-29 02:55:00,10.70791,10.70791,10.70791,10.70791,5200
IDI,2024-03-29 02:56:00,10.70791,10.70791,10.70791,10.70791,7600
IDI,2024-03-29 02:57:00,10.70791,10.70791,10.70791,10.70791,2000
IDI,2024-03-29 02:58:00,10.70791,10.70791,10.70791,10.70791,6000
IDI,2024-03-29 02:59:00,10.70791,10.70791,10.70791,10.70791,28000
IDI,2024-03-29 03:00:00,10.70791,10.70791,10.70791,10.70791,92700
IDI,2024-03-29 03:01:00,10.70791,10.70791,10.70791,10.70791,3200
IDI,2024-03-29 03:02:00,10.70791,10.70791,10.70791,10.70791,100
IDI,2024-03-29 03:03:00,10.70791,10.70791,10.70791,10.70791,10000
IDI,2024-03-29 03:04:00,10.70791,10.70791,10.70791,10.70791,2600
IDI,2024-03-29 03:05:00,10.70791,10.70791,10.70791,10.70791,10500
IDI,2024-03-29 03:06:00,10.70791,10.70791,10.70791,10.70791,16900
IDI,2024-03-29 03:07:00,10.70791,10.70791,10.70791,10.70791,1700
IDI,2024-03-29 03:08:00,10.70791,10.70791,10.66624,10.70791,35300
IDI,2024-03-29 03:11:00,10.70791,10.70791,10.70791,10.70791,5100
IDI,2024-03-29 03:12:00,10.70791,10.70791,10.70791,10.70791,10000
IDI,2024-03-29 03:13:00,10.70791,10.70791,10.70791,10.70791,100
IDI,2024-03-29 03:14:00,10.70791,10.70791,10.70791,10.70791,1400
IDI,2024-03-29 03:15:00,10.70791,10.70791,10.70791,10.70791,100
IDI,2024-03-29 03:16:00,10.70791,10.70791,10.70791,10.70791,5000
IDI,2024-03-29 03:18:00,10.70791,10.70791,10.70791,10.70791,3200
IDI,2024-03-29 03:19:00,10.70791,10.70791,10.66624,10.66624,5000
IDI,2024-03-29 03:20:00,10.66624,10.66624,10.66624,10.66624,3000
IDI,2024-03-29 03:21:00,10.66624,10.66624,10.66624,10.66624,13400
IDI,2024-03-29 03:22:00,10.66624,10.66624,10.66624,10.66624,24700
IDI,2024-03-29 03:23:00,10.66624,10.66624,10.66624,10.66624,1500
IDI,2024-03-29 03:25:00,10.66624,10.66624,10.66624,10.66624,6400
IDI,2024-03-29 03:26:00,10.66624,10.70791,10.66624,10.70791,1100
IDI,2024-03-29 03:28:00,10.70791,10.70791,10.70791,10.70791,1000
IDI,2024-03-29 03:30:00,10.70791,10.70791,10.70791,10.70791,500
IDI,2024-03-29 03:31:00,10.70791,10.70791,10.70791,10.70791,3200
IDI,2024-03-29 03:32:00,10.70791,10.70791,10.70791,10.70791,18600
IDI,2024-03-29 03:33:00,10.70791,10.70791,10.66624,10.66624,18900
IDI,2024-03-29 03:34:00,10.66624,10.70791,10.66624,10.70791,10000
IDI,2024-03-29 03:35:00,10.70791,10.74957,10.70791,10.70791,1700
IDI,2024-03-29 03:36:00,10.70791,10.70791,10.70791,10.70791,1500
IDI,2024-03-29 03:39:00,10.70791,10.74957,10.70791,10.74957,9500
IDI,2024-03-29 03:41:00,10.74957,10.74957,10.70791,10.74957,2200
IDI,2024-03-29 03:42:00,10.74957,10.74957,10.74957,10.74957,200
IDI,2024-03-29 03:45:00,10.74957,10.74957,10.70791,10.70791,1000
IDI,2024-03-29 03:47:00,10.70791,10.74957,10.70791,10.74957,17200
IDI,2024-03-29 03:48:00,10.74957,10.74957,10.74957,10.74957,20700
IDI,2024-03-29 03:49:00,10.74957,10.74957,10.74957,10.74957,400
IDI,2024-03-29 03:51:00,10.74957,10.74957,10.74957,10.74957,10600
IDI,2024-03-29 03:52:00,10.74957,10.74957,10.74957,10.74957,100
IDI,2024-03-29 03:55:00,10.74957,10.74957,10.70791,10.70791,5000
IDI,2024-03-29 03:56:00,10.70791,10.70791,10.70791,10.70791,200
IDI,2024-03-29 03:57:00,10.70791,10.70791,10.70791,10.70791,2000
IDI,2024-03-29 03:58:00,10.70791,10.70791,10.70791,10.70791,600
IDI,2024-03-29 03:59:00,10.70791,10.70791,10.70791,10.70791,11000
IDI,2024-03-29 04:01:00,10.70791,10.70791,10.70791,10.70791,1000
IDI,2024-03-29 04:02:00,10.70791,10.70791,10.70791,10.70791,15000
IDI,2024-03-29 04:03:00,10.70791,10.70791,10.70791,10.70791,2200
IDI,2024-03-29 04:04:00,10.70791,10.70791,10.70791,10.70791,1400
IDI,2024-03-29 04:05:00,10.70791,10.70791,10.70791,10.70791,1100
IDI,2024-03-29 04:08:00,10.70791,10.70791,10.70791,10.70791,31300
IDI,2024-03-29 04:09:00,10.70791,10.70791,10.70791,10.70791,3500
IDI,2024-03-29 04:10:00,10.70791,10.70791,10.70791,10.70791,49000
IDI,2024-03-29 04:13:00,10.70791,10.70791,10.70791,10.70791,1000
IDI,2024-03-29 04:15:00,10.70791,10.70791,10.70791,10.70791,5300
IDI,2024-03-29 04:16:00,10.70791,10.70791,10.66624,10.66624,10500
IDI,2024-03-29 04:20:00,10.66624,10.70791,10.66624,10.70791,20000
IDI,2024-03-29 04:21:00,10.70791,10.70791,10.70791,10.70791,300
IDI,2024-03-29 04:23:00,10.70791,10.70791,10.70791,10.70791,2400
IDI,2024-03-29 04:24:00,10.70791,10.70791,10.66624,10.66624,900
IDI,2024-03-29 04:27:00,10.66624,10.66624,10.66624,10.66624,300
IDI,2024-03-29 06:00:00,10.66624,10.70791,10.66624,10.66624,14600
IDI,2024-03-29 06:01:00,10.66624,10.70791,10.66624,10.66624,70500
IDI,2024-03-29 06:02:00,10.66624,10.70791,10.66624,10.70791,5900
IDI,2024-03-29 06:03:00,10.70791,10.70791,10.66624,10.66624,37900
IDI,2024-03-29 06:04:00,10.66624,10.66624,10.62458,10.62458,2100
IDI,2024-03-29 06:05:00,10.62458,10.66624,10.62458,10.66624,6000
IDI,2024-03-29 06:06:00,10.66624,10.66624,10.62458,10.62458,3100
IDI,2024-03-29 06:08:00,10.62458,10.66624,10.62458,10.66624,12500
IDI,2024-03-29 06:09:00,10.66624,10.66624,10.66624,10.66624,1000
IDI,2024-03-29 06:10:00,10.66624,10.66624,10.66624,10.66624,3300
IDI,2024-03-29 06:11:00,10.66624,10.66624,10.62458,10.62458,200
IDI,2024-03-29 06:12:00,10.62458,10.62458,10.62458,10.62458,100
IDI,2024-03-29 06:13:00,10.62458,10.66624,10.62458,10.66624,13000
IDI,2024-03-29 06:14:00,10.66624,10.66624,10.62458,10.62458,20500
IDI,2024-03-29 06:15:00,10.62458,10.66624,10.62458,10.66624,4100
IDI,2024-03-29 06:16:00,10.66624,10.66624,10.66624,10.66624,400
IDI,2024-03-29 06:17:00,10.66624,10.66624,10.62458,10.66624,2100
IDI,2024-03-29 06:18:00,10.66624,10.66624,10.66624,10.66624,73300
IDI,2024-03-29 06:19:00,10.66624,10.66624,10.66624,10.66624,3000
IDI,2024-03-29 06:20:00,10.66624,10.70791,10.66624,10.70791,23000
IDI,2024-03-29 06:21:00,10.70791,10.70791,10.66624,10.66624,100
IDI,2024-03-29 06:23:00,10.66624,10.70791,10.66624,10.70791,15500
IDI,2024-03-29 06:24:00,10.70791,10.70791,10.70791,10.70791,5000
IDI,2024-03-29 06:25:00,10.70791,10.70791,10.66624,10.70791,7800
IDI,2024-03-29 06:26:00,10.70791,10.70791,10.70791,10.70791,1200
IDI,2024-03-29 06:27:00,10.70791,10.70791,10.66624,10.66624,33900
IDI,2024-03-29 06:28:00,10.66624,10.70791,10.66624,10.70791,12100
IDI,2024-03-29 06:29:00,10.70791,10.70791,10.70791,10.70791,300
IDI,2024-03-29 06:31:00,10.70791,10.70791,10.66624,10.66624,5500
IDI,2024-03-29 06:32:00,10.66624,10.70791,10.66624,10.70791,1100
IDI,2024-03-29 06:33:00,10.70791,10.70791,10.66624,10.66624,47100
IDI,2024-03-29 06:35:00,10.66624,10.66624,10.66624,10.66624,900
IDI,2024-03-29 06:36:00,10.66624,10.66624,10.66624,10.66624,21500
IDI,2024-03-29 06:37:00,10.66624,10.66624,10.66624,10.66624,9100
IDI,2024-03-29 06:38:00,10.66624,10.66624,10.62458,10.62458,54700
IDI,2024-03-29 06:40:00,10.62458,10.66624,10.62458,10.66624,13500
IDI,2024-03-29 06:41:00,10.66624,10.66624,10.66624,10.66624,5500
IDI,2024-03-29 06:42:00,10.66624,10.66624,10.62458,10.66624,11100
IDI,2024-03-29 06:44:00,10.66624,10.70791,10.66624,10.66624,1300
IDI,2024-03-29 06:45:00,10.66624,10.70791,10.66624,10.70791,600
IDI,2024-03-29 06:46:00,10.70791,10.70791,10.70791,10.70791,800
IDI,2024-03-29 06:48:00,10.70791,10.70791,10.66624,10.66624,1000
IDI,2024-03-29 06:49:00,10.66624,10.66624,10.66624,10.66624,20000
IDI,2024-03-29 06:50:00,10.66624,10.66624,10.66624,10.66624,28800
IDI,2024-03-29 06:51:00,10.66624,10.66624,10.66624,10.66624,25000
IDI,2024-03-29 06:52:00,10.66624,10.66624,10.66624,10.66624,1000
IDI,2024-03-29 06:53:00,10.66624,10.66624,10.66624,10.66624,31200
IDI,2024-03-29 06:54:00,10.66624,10.66624,10.62458,10.66624,4500
IDI,2024-03-29 06:55:00,10.66624,10.66624,10.66624,10.66624,6900
IDI,2024-03-29 06:56:00,10.66624,10.66624,10.66624,10.66624,3000
IDI,2024-03-29 06:57:00,10.66624,10.70791,10.66624,10.66624,4100
IDI,2024-03-29 06:58:00,10.66624,10.66624,10.66624,10.66624,1900
IDI,2024-03-29 06:59:00,10.66624,10.70791,10.66624,10.66624,2000
IDI,2024-03-29 07:01:00,10.66624,10.70791,10.66624,10.70791,1200
IDI,2024-03-29 07:03:00,10.70791,10.70791,10.66624,10.70791,1400
IDI,2024-03-29 07:04:00,10.70791,10.70791,10.66624,10.70791,8500
IDI,2024-03-29 07:05:00,10.70791,10.70791,10.70791,10.70791,1000
IDI,2024-03-29 07:06:00,10.70791,10.70791,10.66624,10.70791,6100
IDI,2024-03-29 07:07:00,10.70791,10.70791,10.66624,10.66624,5900
IDI,2024-03-29 07:08:00,10.66624,10.70791,10.66624,10.70791,3500
IDI,2024-03-29 07:09:00,10.70791,10.70791,10.66624,10.66624,2600
IDI,2024-03-29 07:10:00,10.66624,10.70791,10.66624,10.66624,6000
IDI,2024-03-29 07:11:00,10.66624,10.66624,10.66624,10.66624,19500
IDI,2024-03-29 07:12:00,10.66624,10.66624,10.66624,10.66624,88000
IDI,2024-03-29 07:13:00,10.66624,10.66624,10.66624,10.66624,2500
IDI,2024-03-29 07:14:00,10.66624,10.66624,10.66624,10.66624,3400
IDI,2024-03-29 07:15:00,10.66624,10.66624,10.66624,10.66624,21500
IDI,2024-03-29 07:17:00,10.66624,10.66624,10.66624,10.66624,200
IDI,2024-03-29 07:18:00,10.66624,10.66624,10.62458,10.66624,1900
IDI,2024-03-29 07:19:00,10.66624,10.66624,10.66624,10.66624,300
IDI,2024-03-29 07:20:00,10.66624,10.66624,10.62458,10.62458,2500
IDI,2024-03-29 07:21:00,10.62458,10.66624,10.62458,10.66624,7600
IDI,2024-03-29 07:22:00,10.66624,10.66624,10.66624,10.66624,1000
IDI,2024-03-29 07:23:00,10.66624,10.66624,10.66624,10.66624,1200
IDI,2024-03-29 07:24:00,10.66624,10.66624,10.66624,10.66624,3800
IDI,2024-03-29 07:25:00,10.66624,10.66624,10.62458,10.62458,3200
IDI,2024-03-29 07:26:00,10.62458,10.66624,10.62458,10.66624,600
IDI,2024-03-29 07:27:00,10.66624,10.66624,10.62458,10.62458,3000
IDI,2024-03-29 07:28:00,10.62458,10.66624,10.62458,10.66624,79900
IDI,2024-03-29 07:29:00,10.66624,10.66624,10.62458,10.66624,6600
IDI,2024-03-29 07:45:00,10.62458,10.62458,10.62458,10.62458,163500
